# spin    band          kx          ky          kz          E(MF)          E(QP)        Delta E
#                        (Cartesian coordinates)             (eV)           (eV)           (eV)
     1       1    -0.00059     0.00059     0.00059   -7.528386573   -7.931879387   -0.403492815
     1       1     0.14644     0.14762    -0.14644   -6.823571707   -7.045078048   -0.221506341
     1       1    -0.29465    -0.29347     0.29465   -5.799379244   -5.905548705   -0.106169461
     1       1    -0.14762    -0.14644     0.14762   -6.820143835   -7.041633822   -0.221489987
     1       1     0.14644    -0.14644     0.14762   -6.823571707   -7.045078048   -0.221506341
     1       1     0.29347     0.00059     0.00059   -6.605013989   -6.812991505   -0.207977516
     1       1     0.44050     0.14762    -0.14644   -5.456951273   -5.504658684   -0.047707411
     1       1    -0.00059    -0.29347     0.29465   -5.883282905   -5.932717050   -0.049434144
     1       1    -0.29465     0.29465    -0.29347   -5.799379244   -5.905548705   -0.106169461
     1       1     0.44050    -0.14644     0.14762   -5.456951273   -5.504658684   -0.047707411
     1       1    -0.58870     0.00059     0.00059   -4.813477535   -4.905409717   -0.091932182
     1       1    -0.44168     0.14762    -0.14644   -5.450933595   -5.498546736   -0.047613141
     1       1    -0.14762     0.14762    -0.14644   -6.820143835   -7.041633822   -0.221489987
     1       1    -0.00059     0.29465    -0.29347   -5.883282905   -5.932717050   -0.049434144
     1       1    -0.44168    -0.14644     0.14762   -5.450933595   -5.498546736   -0.047613141
     1       1    -0.29465     0.00059     0.00059   -6.597931257   -6.805846607   -0.207915349
     1       1    -0.14762     0.14762     0.14762   -6.816719454   -7.038192981   -0.221473527
     1       1    -0.00059     0.29465     0.00059   -6.597931257   -6.805846607   -0.207915349
     1       1     0.14644     0.44168    -0.14644   -5.451518073   -5.499206002   -0.047687929
     1       1    -0.29465     0.00059     0.29465   -5.878231294   -5.927608983   -0.049377689
     1       1    -0.00059     0.00059     0.29465   -6.597931257   -6.805846607   -0.207915349
     1       1     0.14644     0.14762     0.14762   -6.820143835   -7.041633822   -0.221489987
     1       1     0.29347     0.29465     0.00059   -5.883282905   -5.932717050   -0.049434144
     1       1    -0.14762    -0.14644     0.44168   -5.450933595   -5.498546736   -0.047613141
     1       1     0.14644    -0.14644     0.44168   -5.451518073   -5.499206002   -0.047687929
     1       1     0.29347     0.00059     0.29465   -5.883282905   -5.932717050   -0.049434144
     1       1     0.44050     0.14762     0.14762   -5.456364133   -5.503997076   -0.047632943
     1       1    -0.00059    -0.29347     0.58870   -4.848530486   -4.840193529    0.008336958
     1       1    -0.29465     0.29465     0.00059   -5.878231294   -5.927608983   -0.049377689
     1       1    -0.14762     0.44168    -0.14644   -5.450933595   -5.498546736   -0.047613141
     1       1    -0.58870     0.00059     0.29465   -4.848530486   -4.840193529    0.008336958
     1       1    -0.44168     0.14762     0.14762   -5.450366561   -5.497904089   -0.047537528
     1       1     0.29347    -0.29347    -0.29347   -5.799414427   -5.905582374   -0.106167947
     1       1    -0.14762     0.44168     0.14762   -5.450366561   -5.497904089   -0.047537528
     1       1    -0.00059    -0.58753     0.00059   -4.813477535   -4.905409717   -0.091932182
     1       1     0.14644    -0.44050    -0.14644   -5.457555772   -5.505336832   -0.047781060
     1       1    -0.14762     0.14762     0.44168   -5.450366561   -5.497904089   -0.047537528
     1       1    -0.00059     0.29465     0.29465   -5.878231294   -5.927608983   -0.049377689
     1       1     0.14644     0.44168     0.14762   -5.450933595   -5.498546736   -0.047613141
     1       1    -0.29465     0.00059     0.58870   -4.848530486   -4.840193529    0.008336958
     1       1    -0.00059     0.00059    -0.58753   -4.813477535   -4.905409717   -0.091932182
     1       1     0.14644     0.14762     0.44168   -5.450933595   -5.498546736   -0.047613141
     1       1    -0.29465    -0.29347    -0.29347   -5.799379244   -5.905548705   -0.106169461
     1       1    -0.14762    -0.14644    -0.44050   -5.456951273   -5.504658684   -0.047707411
     1       1     0.14644    -0.14644    -0.44050   -5.457555772   -5.505336832   -0.047781060
     1       1    -0.29465     0.58870     0.00059   -4.848530486   -4.840193529    0.008336958
     1       1    -0.14762    -0.44050    -0.14644   -5.456951273   -5.504658684   -0.047707411
     1       1    -0.00059    -0.29347    -0.29347   -5.888351911   -5.937841632   -0.049489720
     1       1     0.14644    -0.14644    -0.14644   -6.827003053   -7.048525642   -0.221522589
     1       1     0.29347     0.00059    -0.29347   -5.888351911   -5.937841632   -0.049489720
     1       1    -0.14762    -0.44050     0.14762   -5.456364133   -5.503997076   -0.047632943
     1       1    -0.00059    -0.29347     0.00059   -6.605013989   -6.812991505   -0.207977516
     1       1     0.29347    -0.29347     0.00059   -5.888351911   -5.937841632   -0.049489720
     1       1     0.44050    -0.14644    -0.14644   -5.457555772   -5.505336832   -0.047781060
     1       1    -0.00059    -0.58753     0.29465   -4.848530486   -4.840193529    0.008336958
     1       1     0.14644    -0.44050     0.14762   -5.456951273   -5.504658684   -0.047707411
     1       1    -0.14762     0.14762    -0.44050   -5.456364133   -5.503997076   -0.047632943
     1       1     0.58753    -0.29347     0.00059   -4.848530486   -4.840193529    0.008336958
     1       1    -0.44168    -0.14644    -0.14644   -5.451518073   -5.499206002   -0.047687929
     1       1    -0.29465     0.00059    -0.29347   -5.883282905   -5.932717050   -0.049434144
     1       1    -0.00059     0.00059    -0.29347   -6.605013989   -6.812991505   -0.207977516
     1       1     0.14644     0.14762    -0.44050   -5.456951273   -5.504658684   -0.047707411
     1       1    -0.29465    -0.29347     0.00059   -5.883282905   -5.932717050   -0.049434144
     1       1    -0.14762    -0.14644    -0.14644   -6.823571707   -7.045078048   -0.221506341
     1       2    -0.00059     0.00059     0.00059    5.551085309    6.512621124    0.961535815
     1       2     0.14644     0.14762    -0.14644    1.219269831    1.707670889    0.488401058
     1       2    -0.29465    -0.29347     0.29465   -1.478063602   -1.375474121    0.102589481
     1       2    -0.14762    -0.14644     0.14762    1.207737236    1.695998341    0.488261105
     1       2     0.14644    -0.14644     0.14762    1.219269831    1.707670889    0.488401058
     1       2     0.29347     0.00059     0.00059    1.357277757    1.835777116    0.478499359
     1       2     0.44050     0.14762    -0.14644   -1.047737741   -0.846341792    0.201395949
     1       2    -0.00059    -0.29347     0.29465   -0.382898870   -0.091503566    0.291395305
     1       2    -0.29465     0.29465    -0.29347   -1.478063602   -1.375474121    0.102589481
     1       2     0.44050    -0.14644     0.14762   -1.047737741   -0.846341792    0.201395949
     1       2    -0.58870     0.00059     0.00059   -1.584206952   -1.495750237    0.088456715
     1       2    -0.44168     0.14762    -0.14644   -1.053256386   -0.851870481    0.201385905
     1       2    -0.14762     0.14762    -0.14644    1.207737236    1.695998341    0.488261105
     1       2    -0.00059     0.29465    -0.29347   -0.382898870   -0.091503565    0.291395305
     1       2    -0.44168    -0.14644     0.14762   -1.053256386   -0.851870481    0.201385905
     1       2    -0.29465     0.00059     0.00059    1.340379772    1.818731718    0.478351945
     1       2    -0.14762     0.14762     0.14762    1.196220579    1.684338637    0.488118058
     1       2    -0.00059     0.29465     0.00059    1.340379772    1.818731718    0.478351945
     1       2     0.14644     0.44168    -0.14644   -1.050052143   -0.848626905    0.201425238
     1       2    -0.29465     0.00059     0.29465   -0.390475993   -0.099105514    0.291370478
     1       2    -0.00059     0.00059     0.29465    1.340379772    1.818731718    0.478351945
     1       2     0.14644     0.14762     0.14762    1.207737236    1.695998341    0.488261105
     1       2     0.29347     0.29465     0.00059   -0.382898870   -0.091503566    0.291395305
     1       2    -0.14762    -0.14644     0.44168   -1.053256386   -0.851870481    0.201385905
     1       2     0.14644    -0.14644     0.44168   -1.050052143   -0.848626905    0.201425238
     1       2     0.29347     0.00059     0.29465   -0.382898870   -0.091503566    0.291395305
     1       2     0.44050     0.14762     0.14762   -1.050994754   -0.849635908    0.201358846
     1       2    -0.00059    -0.29347     0.58870   -1.425645491   -1.213295808    0.212349683
     1       2    -0.29465     0.29465     0.00059   -0.390475993   -0.099105514    0.291370478
     1       2    -0.14762     0.44168    -0.14644   -1.053256386   -0.851870481    0.201385905
     1       2    -0.58870     0.00059     0.29465   -1.425645491   -1.213295808    0.212349683
     1       2    -0.44168     0.14762     0.14762   -1.056459879   -0.855114693    0.201345186
     1       2     0.29347    -0.29347    -0.29347   -1.478019732   -1.375432785    0.102586947
     1       2    -0.14762     0.44168     0.14762   -1.056459879   -0.855114693    0.201345186
     1       2    -0.00059    -0.58753     0.00059   -1.584206952   -1.495750237    0.088456715
     1       2     0.14644    -0.44050    -0.14644   -1.044480008   -0.843048342    0.201431666
     1       2    -0.14762     0.14762     0.44168   -1.056459879   -0.855114693    0.201345186
     1       2    -0.00059     0.29465     0.29465   -0.390475993   -0.099105514    0.291370478
     1       2     0.14644     0.44168     0.14762   -1.053256386   -0.851870481    0.201385905
     1       2    -0.29465     0.00059     0.58870   -1.425645491   -1.213295808    0.212349683
     1       2    -0.00059     0.00059    -0.58753   -1.584206952   -1.495750237    0.088456715
     1       2     0.14644     0.14762     0.44168   -1.053256386   -0.851870481    0.201385905
     1       2    -0.29465    -0.29347    -0.29347   -1.478063602   -1.375474121    0.102589481
     1       2    -0.14762    -0.14644    -0.44050   -1.047737741   -0.846341792    0.201395949
     1       2     0.14644    -0.14644    -0.44050   -1.044480008   -0.843048342    0.201431666
     1       2    -0.29465     0.58870     0.00059   -1.425645491   -1.213295808    0.212349683
     1       2    -0.14762    -0.44050    -0.14644   -1.047737741   -0.846341792    0.201395949
     1       2    -0.00059    -0.29347    -0.29347   -0.375284977   -0.083868470    0.291416507
     1       2     0.14644    -0.14644    -0.14644    1.230818478    1.719356390    0.488537912
     1       2     0.29347     0.00059    -0.29347   -0.375284977   -0.083868470    0.291416507
     1       2    -0.14762    -0.44050     0.14762   -1.050994754   -0.849635908    0.201358846
     1       2    -0.00059    -0.29347     0.00059    1.357277757    1.835777116    0.478499359
     1       2     0.29347    -0.29347     0.00059   -0.375284977   -0.083868470    0.291416507
     1       2     0.44050    -0.14644    -0.14644   -1.044480008   -0.843048342    0.201431666
     1       2    -0.00059    -0.58753     0.29465   -1.425645491   -1.213295808    0.212349683
     1       2     0.14644    -0.44050     0.14762   -1.047737741   -0.846341792    0.201395949
     1       2    -0.14762     0.14762    -0.44050   -1.050994754   -0.849635908    0.201358846
     1       2     0.58753    -0.29347     0.00059   -1.425645491   -1.213295808    0.212349683
     1       2    -0.44168    -0.14644    -0.14644   -1.050052143   -0.848626905    0.201425238
     1       2    -0.29465     0.00059    -0.29347   -0.382898870   -0.091503566    0.291395305
     1       2    -0.00059     0.00059    -0.29347    1.357277757    1.835777116    0.478499359
     1       2     0.14644     0.14762    -0.44050   -1.047737741   -0.846341792    0.201395949
     1       2    -0.29465    -0.29347     0.00059   -0.382898870   -0.091503566    0.291395305
     1       2    -0.14762    -0.14644    -0.14644    1.219269831    1.707670889    0.488401058
     1       3    -0.00059     0.00059     0.00059    5.551595287    6.513131287    0.961536000
     1       3     0.14644     0.14762    -0.14644    4.689863385    5.577797885    0.887934500
     1       3    -0.29465    -0.29347     0.29465    4.144872351    4.959204332    0.814331980
     1       3    -0.14762    -0.14644     0.14762    4.687028032    5.574959074    0.887931042
     1       3     0.14644    -0.14644     0.14762    4.689863385    5.577797885    0.887934500
     1       3     0.29347     0.00059     0.00059    3.563326586    4.348013600    0.784687014
     1       3     0.44050     0.14762    -0.14644    1.975117715    2.433507288    0.458389573
     1       3    -0.00059    -0.29347     0.29465    1.820562571    2.216729865    0.396167294
     1       3    -0.29465     0.29465    -0.29347    4.144872351    4.959204332    0.814331980
     1       3     0.44050    -0.14644     0.14762    1.975117715    2.433507288    0.458389573
     1       3    -0.58870     0.00059     0.00059    2.480336775    3.088186243    0.607849468
     1       3    -0.44168     0.14762    -0.14644    1.964998955    2.422884532    0.457885577
     1       3    -0.14762     0.14762    -0.14644    4.687028032    5.574959074    0.887931042
     1       3    -0.00059     0.29465    -0.29347    1.820562571    2.216729865    0.396167294
     1       3    -0.44168    -0.14644     0.14762    1.964998955    2.422884532    0.457885577
     1       3    -0.29465     0.00059     0.00059    3.554777855    4.339464922    0.784687067
     1       3    -0.14762     0.14762     0.14762    4.688235457    5.576169957    0.887934500
     1       3    -0.00059     0.29465     0.00059    3.554777855    4.339464922    0.784687067
     1       3     0.14644     0.44168    -0.14644    1.965440833    2.423196497    0.457755665
     1       3    -0.29465     0.00059     0.29465    1.814187936    2.210154104    0.395966168
     1       3    -0.00059     0.00059     0.29465    3.554777855    4.339464922    0.784687067
     1       3     0.14644     0.14762     0.14762    4.687028032    5.574959074    0.887931042
     1       3     0.29347     0.29465     0.00059    1.820562571    2.216729865    0.396167294
     1       3    -0.14762    -0.14644     0.44168    1.964998955    2.422884532    0.457885577
     1       3     0.14644    -0.14644     0.44168    1.965440833    2.423196497    0.457755665
     1       3     0.29347     0.00059     0.29465    1.820562571    2.216729865    0.396167294
     1       3     0.44050     0.14762     0.14762    1.974770409    2.433279303    0.458508894
     1       3    -0.00059    -0.29347     0.58870    1.672160723    2.096813048    0.424652325
     1       3    -0.29465     0.29465     0.00059    1.814187936    2.210154104    0.395966168
     1       3    -0.14762     0.44168    -0.14644    1.964998955    2.422884532    0.457885577
     1       3    -0.58870     0.00059     0.29465    1.672160723    2.096813048    0.424652325
     1       3    -0.44168     0.14762     0.14762    1.964620618    2.422627021    0.458006403
     1       3     0.29347    -0.29347    -0.29347    4.144996346    4.959329346    0.814333000
     1       3    -0.14762     0.44168     0.14762    1.964620618    2.422627021    0.458006403
     1       3    -0.00059    -0.58753     0.00059    2.480336775    3.088186243    0.607849468
     1       3     0.14644    -0.44050    -0.14644    1.975529124    2.433790079    0.458260956
     1       3    -0.14762     0.14762     0.44168    1.964620618    2.422627021    0.458006403
     1       3    -0.00059     0.29465     0.29465    1.814187936    2.210154104    0.395966168
     1       3     0.14644     0.44168     0.14762    1.964998955    2.422884532    0.457885577
     1       3    -0.29465     0.00059     0.58870    1.672160723    2.096813048    0.424652325
     1       3    -0.00059     0.00059    -0.58753    2.480336775    3.088186243    0.607849468
     1       3     0.14644     0.14762     0.44168    1.964998955    2.422884532    0.457885577
     1       3    -0.29465    -0.29347    -0.29347    4.144872351    4.959204332    0.814331980
     1       3    -0.14762    -0.14644    -0.44050    1.975117715    2.433507288    0.458389573
     1       3     0.14644    -0.14644    -0.44050    1.975529124    2.433790079    0.458260956
     1       3    -0.29465     0.58870     0.00059    1.672160723    2.096813048    0.424652325
     1       3    -0.14762    -0.44050    -0.14644    1.975117715    2.433507288    0.458389573
     1       3    -0.00059    -0.29347    -0.29347    1.826950755    2.223317914    0.396367159
     1       3     0.14644    -0.14644    -0.14644    4.696480045    5.584414545    0.887934500
     1       3     0.29347     0.00059    -0.29347    1.826950755    2.223317915    0.396367159
     1       3    -0.14762    -0.44050     0.14762    1.974770409    2.433279303    0.458508894
     1       3    -0.00059    -0.29347     0.00059    3.563326586    4.348013600    0.784687014
     1       3     0.29347    -0.29347     0.00059    1.826950755    2.223317914    0.396367159
     1       3     0.44050    -0.14644    -0.14644    1.975529124    2.433790079    0.458260956
     1       3    -0.00059    -0.58753     0.29465    1.672160723    2.096813048    0.424652325
     1       3     0.14644    -0.44050     0.14762    1.975117715    2.433507288    0.458389573
     1       3    -0.14762     0.14762    -0.44050    1.974770409    2.433279303    0.458508894
     1       3     0.58753    -0.29347     0.00059    1.672160723    2.096813048    0.424652325
     1       3    -0.44168    -0.14644    -0.14644    1.965440833    2.423196497    0.457755665
     1       3    -0.29465     0.00059    -0.29347    1.820562571    2.216729865    0.396167294
     1       3    -0.00059     0.00059    -0.29347    3.563326586    4.348013600    0.784687014
     1       3     0.14644     0.14762    -0.44050    1.975117715    2.433507288    0.458389573
     1       3    -0.29465    -0.29347     0.00059    1.820562571    2.216729865    0.396167294
     1       3    -0.14762    -0.14644    -0.14644    4.689863385    5.577797885    0.887934500
     1       4    -0.00059     0.00059     0.00059    5.551595287    6.513131287    0.961536000
     1       4     0.14644     0.14762    -0.14644    4.697459665    5.585390688    0.887931023
     1       4    -0.29465    -0.29347     0.29465    4.144961564    4.959294564    0.814333000
     1       4    -0.14762    -0.14644     0.14762    4.694798946    5.582733446    0.887934500
     1       4     0.14644    -0.14644     0.14762    4.697459665    5.585390688    0.887931023
     1       4     0.29347     0.00059     0.00059    3.563346698    4.348040198    0.784693500
     1       4     0.44050     0.14762    -0.14644    3.158026747    3.869114160    0.711087414
     1       4    -0.00059    -0.29347     0.29465    4.048300764    4.862631337    0.814330573
     1       4    -0.29465     0.29465    -0.29347    4.144961564    4.959294564    0.814333000
     1       4     0.44050    -0.14644     0.14762    3.158026747    3.869114160    0.711087414
     1       4    -0.58870     0.00059     0.00059    2.480388018    3.088239018    0.607851000
     1       4    -0.44168     0.14762    -0.14644    3.154139796    3.865227291    0.711087495
     1       4    -0.14762     0.14762    -0.14644    4.694798946    5.582733446    0.887934500
     1       4    -0.00059     0.29465    -0.29347    4.048300764    4.862631337    0.814330573
     1       4    -0.44168    -0.14644     0.14762    3.154139796    3.865227291    0.711087495
     1       4    -0.29465     0.00059     0.00059    3.554798232    4.339491732    0.784693500
     1       4    -0.14762     0.14762     0.14762    4.688235457    5.576169957    0.887934500
     1       4    -0.00059     0.29465     0.00059    3.554798232    4.339491732    0.784693500
     1       4     0.14644     0.44168    -0.14644    3.150992590    3.862084590    0.711092000
     1       4    -0.29465     0.00059     0.29465    4.043179736    4.857512736    0.814333000
     1       4    -0.00059     0.00059     0.29465    3.554798232    4.339491732    0.784693500
     1       4     0.14644     0.14762     0.14762    4.694798946    5.582733446    0.887934500
     1       4     0.29347     0.29465     0.00059    4.048300764    4.862631337    0.814330573
     1       4    -0.14762    -0.14644     0.44168    3.154139796    3.865227291    0.711087495
     1       4     0.14644    -0.14644     0.44168    3.150992590    3.862084590    0.711092000
     1       4     0.29347     0.00059     0.29465    4.048300764    4.862631337    0.814330573
     1       4     0.44050     0.14762     0.14762    3.161231636    3.872323636    0.711092000
     1       4    -0.00059    -0.29347     0.58870    1.773746837    2.232165833    0.458418995
     1       4    -0.29465     0.29465     0.00059    4.043179736    4.857512736    0.814333000
     1       4    -0.14762     0.44168    -0.14644    3.154139796    3.865227291    0.711087495
     1       4    -0.58870     0.00059     0.29465    1.773746837    2.232165833    0.458418995
     1       4    -0.44168     0.14762     0.14762    3.157351392    3.868443392    0.711092000
     1       4     0.29347    -0.29347    -0.29347    4.144996346    4.959329346    0.814333000
     1       4    -0.14762     0.44168     0.14762    3.157351392    3.868443392    0.711092000
     1       4    -0.00059    -0.58753     0.00059    2.480388018    3.088239018    0.607851000
     1       4     0.14644    -0.44050    -0.14644    3.154885551    3.865977551    0.711092000
     1       4    -0.14762     0.14762     0.44168    3.157351392    3.868443392    0.711092000
     1       4    -0.00059     0.29465     0.29465    4.043179736    4.857512736    0.814333000
     1       4     0.14644     0.44168     0.14762    3.154139796    3.865227291    0.711087495
     1       4    -0.29465     0.00059     0.58870    1.773746837    2.232165833    0.458418995
     1       4    -0.00059     0.00059    -0.58753    2.480388018    3.088239018    0.607851000
     1       4     0.14644     0.14762     0.44168    3.154139796    3.865227291    0.711087495
     1       4    -0.29465    -0.29347    -0.29347    4.144961564    4.959294564    0.814333000
     1       4    -0.14762    -0.14644    -0.44050    3.158026747    3.869114160    0.711087414
     1       4     0.14644    -0.14644    -0.44050    3.154885551    3.865977551    0.711092000
     1       4    -0.29465     0.58870     0.00059    1.773746837    2.232165833    0.458418995
     1       4    -0.14762    -0.44050    -0.14644    3.158026747    3.869114160    0.711087414
     1       4    -0.00059    -0.29347    -0.29347    4.053521726    4.867854726    0.814333000
     1       4     0.14644    -0.14644    -0.14644    4.696480045    5.584414545    0.887934500
     1       4     0.29347     0.00059    -0.29347    4.053521726    4.867854726    0.814333000
     1       4    -0.14762    -0.44050     0.14762    3.161231636    3.872323636    0.711092000
     1       4    -0.00059    -0.29347     0.00059    3.563346698    4.348040198    0.784693500
     1       4     0.29347    -0.29347     0.00059    4.053521726    4.867854726    0.814333000
     1       4     0.44050    -0.14644    -0.14644    3.154885551    3.865977551    0.711092000
     1       4    -0.00059    -0.58753     0.29465    1.773746837    2.232165833    0.458418995
     1       4     0.14644    -0.44050     0.14762    3.158026747    3.869114160    0.711087414
     1       4    -0.14762     0.14762    -0.44050    3.161231636    3.872323636    0.711092000
     1       4     0.58753    -0.29347     0.00059    1.773746837    2.232165833    0.458418995
     1       4    -0.44168    -0.14644    -0.14644    3.150992590    3.862084590    0.711092000
     1       4    -0.29465     0.00059    -0.29347    4.048300764    4.862631337    0.814330573
     1       4    -0.00059     0.00059    -0.29347    3.563346698    4.348040198    0.784693500
     1       4     0.14644     0.14762    -0.44050    3.158026747    3.869114160    0.711087414
     1       4    -0.29465    -0.29347     0.00059    4.048300764    4.862631337    0.814330573
     1       4    -0.14762    -0.14644    -0.14644    4.697459665    5.585390688    0.887931023
     1       5     0.00000     0.00000     0.00000    6.066319441    8.113510441    2.047191000
     1       5     0.14703     0.14703    -0.14703    6.963706553    8.880826943    1.917120390
     1       5    -0.29406    -0.29406     0.29406    6.401965918    8.242469918    1.840504000
     1       5    -0.14703    -0.14703     0.14703    6.963706553    8.880826944    1.917120390
     1       5     0.14703    -0.14703     0.14703    6.963706553    8.880826944    1.917120390
     1       5     0.29406     0.00000     0.00000    7.467479152    9.233439914    1.765960762
     1       5     0.44109     0.14703    -0.14703    7.747557118    9.473011426    1.725454308
     1       5     0.00000    -0.29406     0.29406    8.225570084   10.112531840    1.886961756
     1       5    -0.29406     0.29406    -0.29406    6.401965918    8.242469918    1.840504000
     1       5     0.44109    -0.14703     0.14703    7.747557118    9.473011425    1.725454307
     1       5    -0.58812     0.00000     0.00000    7.230083066    8.659365066    1.429282000
     1       5    -0.44109     0.14703    -0.14703    7.747557118    9.473011425    1.725454307
     1       5    -0.14703     0.14703    -0.14703    6.963706553    8.880826944    1.917120390
     1       5     0.00000     0.29406    -0.29406    8.225570084   10.112531841    1.886961757
     1       5    -0.44109    -0.14703     0.14703    7.747557118    9.473011426    1.725454307
     1       5    -0.29406     0.00000     0.00000    7.467479152    9.233439914    1.765960762
     1       5    -0.14703     0.14703     0.14703    6.963706553    8.880826944    1.917120390
     1       5     0.00000     0.29406     0.00000    7.467479152    9.233439914    1.765960762
     1       5     0.14703     0.44109    -0.14703    7.747557118    9.473011425    1.725454307
     1       5    -0.29406     0.00000     0.29406    8.225570084   10.112531842    1.886961757
     1       5     0.00000     0.00000     0.29406    7.467479152    9.233439914    1.765960762
     1       5     0.14703     0.14703     0.14703    6.963706553    8.880826943    1.917120390
     1       5     0.29406     0.29406     0.00000    8.225570084   10.112531841    1.886961757
     1       5    -0.14703    -0.14703     0.44109    7.747557118    9.473011425    1.725454307
     1       5     0.14703    -0.14703     0.44109    7.747557118    9.473011426    1.725454308
     1       5     0.29406     0.00000     0.29406    8.225570084   10.112531842    1.886961757
     1       5     0.44109     0.14703     0.14703    7.747557118    9.473011425    1.725454307
     1       5     0.00000    -0.29406     0.58812   10.080238749   12.215511413    2.135272664
     1       5    -0.29406     0.29406     0.00000    8.225570084   10.112531841    1.886961757
     1       5    -0.14703     0.44109    -0.14703    7.747557118    9.473011425    1.725454307
     1       5    -0.58812    -0.00000     0.29406   10.080238749   12.215511422    2.135272673
     1       5    -0.44109     0.14703     0.14703    7.747557118    9.473011425    1.725454307
     1       5     0.29406    -0.29406    -0.29406    6.401965918    8.242469918    1.840504000
     1       5    -0.14703     0.44109     0.14703    7.747557118    9.473011426    1.725454308
     1       5     0.00000    -0.58812     0.00000    7.230083066    8.659365066    1.429282000
     1       5     0.14703    -0.44109    -0.14703    7.747557118    9.473011425    1.725454307
     1       5    -0.14703     0.14703     0.44109    7.747557118    9.473011426    1.725454308
     1       5     0.00000     0.29406     0.29406    8.225570084   10.112531841    1.886961757
     1       5     0.14703     0.44109     0.14703    7.747557118    9.473011425    1.725454307
     1       5    -0.29406     0.00000     0.58812   10.080238749   12.215511427    2.135272678
     1       5     0.00000     0.00000    -0.58812    7.230083066    8.659365066    1.429282000
     1       5     0.14703     0.14703     0.44109    7.747557118    9.473011425    1.725454307
     1       5    -0.29406    -0.29406    -0.29406    6.401965918    8.242469918    1.840504000
     1       5    -0.14703    -0.14703    -0.44109    7.747557118    9.473011425    1.725454306
     1       5     0.14703    -0.14703    -0.44109    7.747557118    9.473011425    1.725454307
     1       5    -0.29406     0.58812     0.00000   10.080238749   12.215511407    2.135272658
     1       5    -0.14703    -0.44109    -0.14703    7.747557118    9.473011425    1.725454307
     1       5     0.00000    -0.29406    -0.29406    8.225570084   10.112531841    1.886961757
     1       5     0.14703    -0.14703    -0.14703    6.963706553    8.880826944    1.917120390
     1       5     0.29406     0.00000    -0.29406    8.225570084   10.112531841    1.886961757
     1       5    -0.14703    -0.44109     0.14703    7.747557118    9.473011425    1.725454307
     1       5     0.00000    -0.29406     0.00000    7.467479152    9.233439914    1.765960762
     1       5     0.29406    -0.29406     0.00000    8.225570084   10.112531841    1.886961757
     1       5     0.44109    -0.14703    -0.14703    7.747557118    9.473011425    1.725454307
     1       5    -0.00000    -0.58812     0.29406   10.080238749   12.215511409    2.135272660
     1       5     0.14703    -0.44109     0.14703    7.747557118    9.473011425    1.725454307
     1       5    -0.14703     0.14703    -0.44109    7.747557118    9.473011425    1.725454307
     1       5     0.58812    -0.29406     0.00000   10.080238749   12.215511427    2.135272678
     1       5    -0.44109    -0.14703    -0.14703    7.747557118    9.473011424    1.725454306
     1       5    -0.29406     0.00000    -0.29406    8.225570084   10.112531842    1.886961757
     1       5     0.00000     0.00000    -0.29406    7.467479152    9.233439914    1.765960762
     1       5     0.14703     0.14703    -0.44109    7.747557118    9.473011425    1.725454307
     1       5    -0.29406    -0.29406     0.00000    8.225570084   10.112531842    1.886961757
     1       5    -0.14703    -0.14703    -0.14703    6.963706553    8.880826944    1.917120390
     1       6     0.00000     0.00000     0.00000    9.031801790   10.992359790    1.960558000
     1       6     0.14703     0.14703    -0.14703   10.100404010   12.068589010    1.968185000
     1       6    -0.29406    -0.29406     0.29406   10.324821134   12.300633134    1.975812000
     1       6    -0.14703    -0.14703     0.14703   10.100404010   12.068589010    1.968185000
     1       6     0.14703    -0.14703     0.14703   10.100404010   12.068589010    1.968185000
     1       6     0.29406     0.00000     0.00000    8.805859070   10.587784607    1.781925537
     1       6     0.44109     0.14703    -0.14703   10.220087742   11.958417212    1.738329471
     1       6     0.00000    -0.29406     0.29406   11.040115643   12.770556732    1.730441089
     1       6    -0.29406     0.29406    -0.29406   10.324821134   12.300633134    1.975812000
     1       6     0.44109    -0.14703     0.14703   10.220087742   11.958417212    1.738329470
     1       6    -0.58812     0.00000     0.00000    7.300200379    8.951803379    1.651603000
     1       6    -0.44109     0.14703    -0.14703   10.220087742   11.958417207    1.738329466
     1       6    -0.14703     0.14703    -0.14703   10.100404010   12.068589010    1.968185000
     1       6     0.00000     0.29406    -0.29406   11.040115643   12.770556733    1.730441090
     1       6    -0.44109    -0.14703     0.14703   10.220087742   11.958417210    1.738329469
     1       6    -0.29406     0.00000     0.00000    8.805859070   10.587784607    1.781925537
     1       6    -0.14703     0.14703     0.14703   10.100404010   12.068589010    1.968185000
     1       6     0.00000     0.29406     0.00000    8.805859070   10.587784607    1.781925537
     1       6     0.14703     0.44109    -0.14703   10.220087742   11.958417211    1.738329470
     1       6    -0.29406     0.00000     0.29406   11.040115643   12.770556730    1.730441087
     1       6     0.00000     0.00000     0.29406    8.805859070   10.587784607    1.781925537
     1       6     0.14703     0.14703     0.14703   10.100404010   12.068589010    1.968185000
     1       6     0.29406     0.29406     0.00000   11.040115643   12.770556731    1.730441088
     1       6    -0.14703    -0.14703     0.44109   10.220087742   11.958417216    1.738329474
     1       6     0.14703    -0.14703     0.44109   10.220087742   11.958417211    1.738329469
     1       6     0.29406     0.00000     0.29406   11.040115643   12.770556730    1.730441088
     1       6     0.44109     0.14703     0.14703   10.220087742   11.958417214    1.738329472
     1       6     0.00000    -0.29406     0.58812   10.667939243   12.451454914    1.783515672
     1       6    -0.29406     0.29406     0.00000   11.040115643   12.770556729    1.730441086
     1       6    -0.14703     0.44109    -0.14703   10.220087742   11.958417216    1.738329474
     1       6    -0.58812    -0.00000     0.29406   10.667939243   12.451454913    1.783515670
     1       6    -0.44109     0.14703     0.14703   10.220087742   11.958417213    1.738329472
     1       6     0.29406    -0.29406    -0.29406   10.324821134   12.300633134    1.975812000
     1       6    -0.14703     0.44109     0.14703   10.220087742   11.958417210    1.738329469
     1       6     0.00000    -0.58812     0.00000    7.300200379    8.951803379    1.651603000
     1       6     0.14703    -0.44109    -0.14703   10.220087742   11.958417209    1.738329468
     1       6    -0.14703     0.14703     0.44109   10.220087742   11.958417211    1.738329469
     1       6     0.00000     0.29406     0.29406   11.040115643   12.770556732    1.730441090
     1       6     0.14703     0.44109     0.14703   10.220087742   11.958417212    1.738329470
     1       6    -0.29406     0.00000     0.58812   10.667939243   12.451454913    1.783515671
     1       6     0.00000     0.00000    -0.58812    7.300200379    8.951803379    1.651603000
     1       6     0.14703     0.14703     0.44109   10.220087742   11.958417212    1.738329471
     1       6    -0.29406    -0.29406    -0.29406   10.324821134   12.300633134    1.975812000
     1       6    -0.14703    -0.14703    -0.44109   10.220087742   11.958417211    1.738329469
     1       6     0.14703    -0.14703    -0.44109   10.220087742   11.958417207    1.738329465
     1       6    -0.29406     0.58812     0.00000   10.667939243   12.451454915    1.783515673
     1       6    -0.14703    -0.44109    -0.14703   10.220087742   11.958417211    1.738329469
     1       6     0.00000    -0.29406    -0.29406   11.040115643   12.770556727    1.730441085
     1       6     0.14703    -0.14703    -0.14703   10.100404010   12.068589010    1.968185000
     1       6     0.29406     0.00000    -0.29406   11.040115643   12.770556730    1.730441087
     1       6    -0.14703    -0.44109     0.14703   10.220087742   11.958417207    1.738329465
     1       6     0.00000    -0.29406     0.00000    8.805859070   10.587784607    1.781925537
     1       6     0.29406    -0.29406     0.00000   11.040115643   12.770556730    1.730441087
     1       6     0.44109    -0.14703    -0.14703   10.220087742   11.958417217    1.738329475
     1       6    -0.00000    -0.58812     0.29406   10.667939243   12.451454916    1.783515674
     1       6     0.14703    -0.44109     0.14703   10.220087742   11.958417212    1.738329471
     1       6    -0.14703     0.14703    -0.44109   10.220087742   11.958417209    1.738329467
     1       6     0.58812    -0.29406     0.00000   10.667939243   12.451454913    1.783515670
     1       6    -0.44109    -0.14703    -0.14703   10.220087742   11.958417212    1.738329470
     1       6    -0.29406     0.00000    -0.29406   11.040115643   12.770556729    1.730441086
     1       6     0.00000     0.00000    -0.29406    8.805859070   10.587784607    1.781925537
     1       6     0.14703     0.14703    -0.44109   10.220087742   11.958417212    1.738329470
     1       6    -0.29406    -0.29406     0.00000   11.040115643   12.770556731    1.730441088
     1       6    -0.14703    -0.14703    -0.14703   10.100404010   12.068589010    1.968185000
     1       7     0.00000     0.00000     0.00000    9.031801790   10.992359790    1.960558000
     1       7     0.14703     0.14703    -0.14703   10.100404010   12.068589010    1.968185000
     1       7    -0.29406    -0.29406     0.29406   10.324821134   12.300633134    1.975812000
     1       7    -0.14703    -0.14703     0.14703   10.100404010   12.068589010    1.968185000
     1       7     0.14703    -0.14703     0.14703   10.100404010   12.068589010    1.968185000
     1       7     0.29406     0.00000     0.00000   12.274688426   14.616953926    2.342265500
     1       7     0.44109     0.14703    -0.14703   11.995733164   13.966109086    1.970375922
     1       7     0.00000    -0.29406     0.29406   11.181502346   13.157314346    1.975812000
     1       7    -0.29406     0.29406    -0.29406   10.324821134   12.300633134    1.975812000
     1       7     0.44109    -0.14703     0.14703   11.995733164   13.966109091    1.970375927
     1       7    -0.58812     0.00000     0.00000   15.979539343   18.703512343    2.723973000
     1       7    -0.44109     0.14703    -0.14703   11.995733164   13.966109085    1.970375921
     1       7    -0.14703     0.14703    -0.14703   10.100404010   12.068589010    1.968185000
     1       7     0.00000     0.29406    -0.29406   11.181502346   13.157314346    1.975812000
     1       7    -0.44109    -0.14703     0.14703   11.995733164   13.966109084    1.970375920
     1       7    -0.29406     0.00000     0.00000   12.274688426   14.616953926    2.342265500
     1       7    -0.14703     0.14703     0.14703   10.100404010   12.068589010    1.968185000
     1       7     0.00000     0.29406     0.00000   12.274688426   14.616953926    2.342265500
     1       7     0.14703     0.44109    -0.14703   11.995733164   13.966109089    1.970375925
     1       7    -0.29406     0.00000     0.29406   11.181502346   13.157314346    1.975812000
     1       7     0.00000     0.00000     0.29406   12.274688426   14.616953926    2.342265500
     1       7     0.14703     0.14703     0.14703   10.100404010   12.068589010    1.968185000
     1       7     0.29406     0.29406     0.00000   11.181502346   13.157314346    1.975812000
     1       7    -0.14703    -0.14703     0.44109   11.995733164   13.966109084    1.970375920
     1       7     0.14703    -0.14703     0.44109   11.995733164   13.966109086    1.970375922
     1       7     0.29406     0.00000     0.29406   11.181502346   13.157314346    1.975812000
     1       7     0.44109     0.14703     0.14703   11.995733164   13.966109084    1.970375920
     1       7     0.00000    -0.29406     0.58812   11.115255899   13.131254154    2.015998255
     1       7    -0.29406     0.29406     0.00000   11.181502346   13.157314346    1.975812000
     1       7    -0.14703     0.44109    -0.14703   11.995733164   13.966109085    1.970375921
     1       7    -0.58812    -0.00000     0.29406   11.115255899   13.131254153    2.015998254
     1       7    -0.44109     0.14703     0.14703   11.995733164   13.966109080    1.970375916
     1       7     0.29406    -0.29406    -0.29406   10.324821134   12.300633134    1.975812000
     1       7    -0.14703     0.44109     0.14703   11.995733164   13.966109090    1.970375927
     1       7     0.00000    -0.58812     0.00000   15.979539343   18.703512343    2.723973000
     1       7     0.14703    -0.44109    -0.14703   11.995733164   13.966109083    1.970375919
     1       7    -0.14703     0.14703     0.44109   11.995733164   13.966109093    1.970375929
     1       7     0.00000     0.29406     0.29406   11.181502346   13.157314346    1.975812000
     1       7     0.14703     0.44109     0.14703   11.995733164   13.966109086    1.970375922
     1       7    -0.29406     0.00000     0.58812   11.115255899   13.131254153    2.015998253
     1       7     0.00000     0.00000    -0.58812   15.979539343   18.703512343    2.723973000
     1       7     0.14703     0.14703     0.44109   11.995733164   13.966109089    1.970375925
     1       7    -0.29406    -0.29406    -0.29406   10.324821134   12.300633134    1.975812000
     1       7    -0.14703    -0.14703    -0.44109   11.995733164   13.966109077    1.970375913
     1       7     0.14703    -0.14703    -0.44109   11.995733164   13.966109081    1.970375917
     1       7    -0.29406     0.58812     0.00000   11.115255899   13.131254150    2.015998251
     1       7    -0.14703    -0.44109    -0.14703   11.995733164   13.966109077    1.970375913
     1       7     0.00000    -0.29406    -0.29406   11.181502346   13.157314346    1.975812000
     1       7     0.14703    -0.14703    -0.14703   10.100404010   12.068589010    1.968185000
     1       7     0.29406     0.00000    -0.29406   11.181502346   13.157314346    1.975812000
     1       7    -0.14703    -0.44109     0.14703   11.995733164   13.966109085    1.970375921
     1       7     0.00000    -0.29406     0.00000   12.274688426   14.616953926    2.342265500
     1       7     0.29406    -0.29406     0.00000   11.181502346   13.157314346    1.975812000
     1       7     0.44109    -0.14703    -0.14703   11.995733164   13.966109086    1.970375922
     1       7    -0.00000    -0.58812     0.29406   11.115255899   13.131254151    2.015998252
     1       7     0.14703    -0.44109     0.14703   11.995733164   13.966109082    1.970375918
     1       7    -0.14703     0.14703    -0.44109   11.995733164   13.966109084    1.970375920
     1       7     0.58812    -0.29406     0.00000   11.115255899   13.131254151    2.015998252
     1       7    -0.44109    -0.14703    -0.14703   11.995733164   13.966109078    1.970375914
     1       7    -0.29406     0.00000    -0.29406   11.181502346   13.157314346    1.975812000
     1       7     0.00000     0.00000    -0.29406   12.274688426   14.616953926    2.342265500
     1       7     0.14703     0.14703    -0.44109   11.995733164   13.966109081    1.970375917
     1       7    -0.29406    -0.29406     0.00000   11.181502346   13.157314346    1.975812000
     1       7    -0.14703    -0.14703    -0.14703   10.100404010   12.068589010    1.968185000
     1       8     0.00000     0.00000     0.00000    9.031801790   10.992359790    1.960558000
     1       8     0.14703     0.14703    -0.14703   11.573192178   13.423005553    1.849813375
     1       8    -0.29406    -0.29406     0.29406   13.182130368   14.776723368    1.594593000
     1       8    -0.14703    -0.14703     0.14703   11.573192178   13.423005554    1.849813375
     1       8     0.14703    -0.14703     0.14703   11.573192178   13.423005554    1.849813375
     1       8     0.29406     0.00000     0.00000   12.274688426   14.616953926    2.342265500
     1       8     0.44109     0.14703    -0.14703   12.721294805   15.071187305    2.349892500
     1       8     0.00000    -0.29406     0.29406   11.758710141   13.499906038    1.741195896
     1       8    -0.29406     0.29406    -0.29406   13.182130368   14.776723368    1.594593000
     1       8     0.44109    -0.14703     0.14703   12.721294805   15.071187305    2.349892500
     1       8    -0.58812     0.00000     0.00000   15.979539343   18.703512343    2.723973000
     1       8    -0.44109     0.14703    -0.14703   12.721294805   15.071187305    2.349892500
     1       8    -0.14703     0.14703    -0.14703   11.573192178   13.423005554    1.849813375
     1       8     0.00000     0.29406    -0.29406   11.758710141   13.499906038    1.741195897
     1       8    -0.44109    -0.14703     0.14703   12.721294805   15.071187305    2.349892500
     1       8    -0.29406     0.00000     0.00000   12.274688426   14.616953926    2.342265500
     1       8    -0.14703     0.14703     0.14703   11.573192178   13.423005554    1.849813375
     1       8     0.00000     0.29406     0.00000   12.274688426   14.616953926    2.342265500
     1       8     0.14703     0.44109    -0.14703   12.721294805   15.071187305    2.349892500
     1       8    -0.29406     0.00000     0.29406   11.758710141   13.499906041    1.741195900
     1       8     0.00000     0.00000     0.29406   12.274688426   14.616953926    2.342265500
     1       8     0.14703     0.14703     0.14703   11.573192178   13.423005554    1.849813375
     1       8     0.29406     0.29406     0.00000   11.758710141   13.499906040    1.741195898
     1       8    -0.14703    -0.14703     0.44109   12.721294805   15.071187305    2.349892500
     1       8     0.14703    -0.14703     0.44109   12.721294805   15.071187305    2.349892500
     1       8     0.29406     0.00000     0.29406   11.758710141   13.499906041    1.741195899
     1       8     0.44109     0.14703     0.14703   12.721294805   15.071187305    2.349892500
     1       8     0.00000    -0.29406     0.58812   11.704286924   13.642629911    1.938342987
     1       8    -0.29406     0.29406     0.00000   11.758710141   13.499906040    1.741195898
     1       8    -0.14703     0.44109    -0.14703   12.721294805   15.071187305    2.349892500
     1       8    -0.58812    -0.00000     0.29406   11.704286924   13.642629945    1.938343021
     1       8    -0.44109     0.14703     0.14703   12.721294805   15.071187305    2.349892500
     1       8     0.29406    -0.29406    -0.29406   13.182130368   14.776723368    1.594593000
     1       8    -0.14703     0.44109     0.14703   12.721294805   15.071187305    2.349892500
     1       8     0.00000    -0.58812     0.00000   15.979539343   18.703512343    2.723973000
     1       8     0.14703    -0.44109    -0.14703   12.721294805   15.071187305    2.349892500
     1       8    -0.14703     0.14703     0.44109   12.721294805   15.071187305    2.349892500
     1       8     0.00000     0.29406     0.29406   11.758710141   13.499906039    1.741195897
     1       8     0.14703     0.44109     0.14703   12.721294805   15.071187305    2.349892500
     1       8    -0.29406     0.00000     0.58812   11.704286924   13.642629946    1.938343022
     1       8     0.00000     0.00000    -0.58812   15.979539343   18.703512343    2.723973000
     1       8     0.14703     0.14703     0.44109   12.721294805   15.071187305    2.349892500
     1       8    -0.29406    -0.29406    -0.29406   13.182130368   14.776723368    1.594593000
     1       8    -0.14703    -0.14703    -0.44109   12.721294805   15.071187305    2.349892500
     1       8     0.14703    -0.14703    -0.44109   12.721294805   15.071187305    2.349892500
     1       8    -0.29406     0.58812     0.00000   11.704286924   13.642629913    1.938342989
     1       8    -0.14703    -0.44109    -0.14703   12.721294805   15.071187305    2.349892500
     1       8     0.00000    -0.29406    -0.29406   11.758710141   13.499906037    1.741195896
     1       8     0.14703    -0.14703    -0.14703   11.573192178   13.423005554    1.849813375
     1       8     0.29406     0.00000    -0.29406   11.758710141   13.499906041    1.741195900
     1       8    -0.14703    -0.44109     0.14703   12.721294805   15.071187305    2.349892500
     1       8     0.00000    -0.29406     0.00000   12.274688426   14.616953926    2.342265500
     1       8     0.29406    -0.29406     0.00000   11.758710141   13.499906040    1.741195899
     1       8     0.44109    -0.14703    -0.14703   12.721294805   15.071187305    2.349892500
     1       8    -0.00000    -0.58812     0.29406   11.704286924   13.642629913    1.938342988
     1       8     0.14703    -0.44109     0.14703   12.721294805   15.071187305    2.349892500
     1       8    -0.14703     0.14703    -0.44109   12.721294805   15.071187305    2.349892500
     1       8     0.58812    -0.29406     0.00000   11.704286924   13.642629946    1.938343022
     1       8    -0.44109    -0.14703    -0.14703   12.721294805   15.071187305    2.349892500
     1       8    -0.29406     0.00000    -0.29406   11.758710141   13.499906042    1.741195900
     1       8     0.00000     0.00000    -0.29406   12.274688426   14.616953926    2.342265500
     1       8     0.14703     0.14703    -0.44109   12.721294805   15.071187305    2.349892500
     1       8    -0.29406    -0.29406     0.00000   11.758710141   13.499906040    1.741195899
     1       8    -0.14703    -0.14703    -0.14703   11.573192178   13.423005553    1.849813375
