# spin    band          kx          ky          kz          E(MF)          E(QP)        Delta E
#                        (Cartesian coordinates)             (eV)           (eV)           (eV)
     1       1    -0.00059     0.00059     0.00059  -12.735443376  -12.008405640    0.727037736
     1       1     0.14644     0.14762    -0.14644  -12.102845506  -11.125568150    0.977277356
     1       1     0.29347     0.29465    -0.29347  -11.144904922   -9.945074774    1.199830149
     1       1    -0.14762    -0.14644     0.14762  -12.099767419  -11.122400221    0.977367199
     1       1     0.14644    -0.14644     0.14762  -12.102845506  -11.125568151    0.977277356
     1       1     0.29347     0.00059     0.00059  -11.886946717  -10.831262660    1.055684058
     1       1     0.44050     0.14762    -0.14644  -10.858285328   -9.560607076    1.297678253
     1       1    -0.00059    -0.29347     0.29465  -11.235451312  -10.012016034    1.223435278
     1       1     0.29347    -0.29347     0.29465  -11.144904922   -9.945074774    1.199830149
     1       1     0.44050    -0.14644     0.14762  -10.858285328   -9.560607076    1.297678252
     1       1     0.58753     0.00059     0.00059  -10.420106348   -9.056138095    1.363968253
     1       1    -0.44168     0.14762    -0.14644  -10.853156895   -9.555268589    1.297888306
     1       1    -0.14762     0.14762    -0.14644  -12.099767419  -11.122400221    0.977367199
     1       1    -0.00059     0.29465    -0.29347  -11.235451312  -10.012016034    1.223435278
     1       1    -0.44168    -0.14644     0.14762  -10.853156895   -9.555268589    1.297888306
     1       1    -0.29465     0.00059     0.00059  -11.880554507  -10.824678722    1.055875784
     1       1    -0.14762     0.14762     0.14762  -12.096693171  -11.119235812    0.977457359
     1       1    -0.00059     0.29465     0.00059  -11.880554507  -10.824678722    1.055875785
     1       1     0.14644     0.44168    -0.14644  -10.853635494   -9.555774030    1.297861464
     1       1    -0.29465     0.00059     0.29465  -11.230986442  -10.007390002    1.223596440
     1       1    -0.00059     0.00059     0.29465  -11.880554507  -10.824678722    1.055875784
     1       1     0.14644     0.14762     0.14762  -12.099767419  -11.122400221    0.977367199
     1       1     0.29347     0.29465     0.00059  -11.235451312  -10.012016034    1.223435278
     1       1    -0.14762    -0.14644     0.44168  -10.853156895   -9.555268589    1.297888306
     1       1     0.14644    -0.14644     0.44168  -10.853635494   -9.555774030    1.297861464
     1       1     0.29347     0.00059     0.29465  -11.235451312  -10.012016034    1.223435278
     1       1     0.44050     0.14762     0.14762  -10.857804648   -9.560099529    1.297705119
     1       1    -0.00059    -0.29347    -0.58753  -10.396946326   -9.003350651    1.393595676
     1       1    -0.29465     0.29465     0.00059  -11.230986442  -10.007390002    1.223596440
     1       1    -0.14762     0.44168    -0.14644  -10.853156895   -9.555268589    1.297888306
     1       1     0.58753     0.00059     0.29465  -10.396946326   -9.003350651    1.393595676
     1       1    -0.44168     0.14762     0.14762  -10.852693565   -9.554778575    1.297914990
     1       1    -0.29465     0.29465     0.29465  -11.144935410   -9.945105465    1.199829945
     1       1    -0.14762     0.44168     0.14762  -10.852693565   -9.554778575    1.297914990
     1       1    -0.00059     0.58870     0.00059  -10.420106348   -9.056138095    1.363968253
     1       1     0.14644    -0.44050    -0.14644  -10.858781218   -9.561129988    1.297651231
     1       1    -0.14762     0.14762     0.44168  -10.852693565   -9.554778575    1.297914990
     1       1    -0.00059     0.29465     0.29465  -11.230986442  -10.007390002    1.223596440
     1       1     0.14644     0.44168     0.14762  -10.853156895   -9.555268589    1.297888306
     1       1    -0.29465     0.00059    -0.58753  -10.396946326   -9.003350651    1.393595676
     1       1    -0.00059     0.00059     0.58870  -10.420106348   -9.056138095    1.363968253
     1       1     0.14644     0.14762     0.44168  -10.853156895   -9.555268589    1.297888306
     1       1     0.29347     0.29465     0.29465  -11.144904922   -9.945074774    1.199830149
     1       1    -0.14762    -0.14644    -0.44050  -10.858285328   -9.560607076    1.297678253
     1       1     0.14644    -0.14644    -0.44050  -10.858781218   -9.561129988    1.297651231
     1       1     0.29347     0.00059     0.58870  -10.396946326   -9.003350651    1.393595676
     1       1    -0.14762    -0.44050    -0.14644  -10.858285328   -9.560607076    1.297678253
     1       1    -0.00059    -0.29347    -0.29347  -11.239932886  -10.016658092    1.223274794
     1       1     0.14644    -0.14644    -0.14644  -12.105927414  -11.128739586    0.977187829
     1       1     0.29347     0.00059    -0.29347  -11.239932886  -10.016658092    1.223274794
     1       1    -0.14762    -0.44050     0.14762  -10.857804648   -9.560099529    1.297705119
     1       1    -0.00059    -0.29347     0.00059  -11.886946717  -10.831262660    1.055684058
     1       1     0.29347    -0.29347     0.00059  -11.239932886  -10.016658092    1.223274794
     1       1     0.44050    -0.14644    -0.14644  -10.858781218   -9.561129988    1.297651231
     1       1    -0.00059     0.58870     0.29465  -10.396946326   -9.003350651    1.393595676
     1       1     0.14644    -0.44050     0.14762  -10.858285328   -9.560607076    1.297678253
     1       1    -0.14762     0.14762    -0.44050  -10.857804648   -9.560099529    1.297705120
     1       1    -0.00059     0.29465     0.58870  -10.396946326   -9.003350651    1.393595676
     1       1    -0.44168    -0.14644    -0.14644  -10.853635494   -9.555774030    1.297861464
     1       1    -0.29465     0.00059    -0.29347  -11.235451312  -10.012016034    1.223435278
     1       1    -0.00059     0.00059    -0.29347  -11.886946717  -10.831262660    1.055684058
     1       1     0.14644     0.14762    -0.44050  -10.858285328   -9.560607076    1.297678253
     1       1    -0.29465    -0.29347     0.00059  -11.235451312  -10.012016034    1.223435278
     1       1    -0.14762    -0.14644    -0.14644  -12.102845506  -11.125568151    0.977277356
     1       2    -0.00059     0.00059     0.00059   -0.355305394    1.752218703    2.107524097
     1       2     0.14644     0.14762    -0.14644   -4.304328967   -2.670257427    1.634071540
     1       2     0.29347     0.29465    -0.29347   -6.675275481   -5.463019592    1.212255889
     1       2    -0.14762    -0.14644     0.14762   -4.314646336   -2.680799471    1.633846866
     1       2     0.14644    -0.14644     0.14762   -4.304328967   -2.670257427    1.634071540
     1       2     0.29347     0.00059     0.00059   -4.285721702   -2.588206884    1.697514818
     1       2     0.44050     0.14762    -0.14644   -6.335884339   -4.985977664    1.349906675
     1       2    -0.00059    -0.29347     0.29465   -5.748457155   -4.343917574    1.404539581
     1       2     0.29347    -0.29347     0.29465   -6.675275481   -5.463019592    1.212255889
     1       2     0.44050    -0.14644     0.14762   -6.335884339   -4.985977664    1.349906675
     1       2     0.58753     0.00059     0.00059   -6.842103958   -5.517140782    1.324963176
     1       2    -0.44168     0.14762    -0.14644   -6.340780219   -4.990735481    1.350044738
     1       2    -0.14762     0.14762    -0.14644   -4.314646336   -2.680799471    1.633846866
     1       2    -0.00059     0.29465    -0.29347   -5.748457155   -4.343917575    1.404539580
     1       2    -0.44168    -0.14644     0.14762   -6.340780219   -4.990735481    1.350044737
     1       2    -0.29465     0.00059     0.00059   -4.301064509   -2.603904136    1.697160373
     1       2    -0.14762     0.14762     0.14762   -4.324946568   -2.691327748    1.633618820
     1       2    -0.00059     0.29465     0.00059   -4.301064509   -2.603904136    1.697160373
     1       2     0.14644     0.44168    -0.14644   -6.338398806   -4.988088720    1.350310086
     1       2    -0.29465     0.00059     0.29465   -5.755042535   -4.350569682    1.404472853
     1       2    -0.00059     0.00059     0.29465   -4.301064509   -2.603904136    1.697160373
     1       2     0.14644     0.14762     0.14762   -4.314646336   -2.680799470    1.633846866
     1       2     0.29347     0.29465     0.00059   -5.748457155   -4.343917574    1.404539581
     1       2    -0.14762    -0.14644     0.44168   -6.340780219   -4.990735481    1.350044738
     1       2     0.14644    -0.14644     0.44168   -6.338398806   -4.988088720    1.350310086
     1       2     0.29347     0.00059     0.29465   -5.748457155   -4.343917575    1.404539580
     1       2     0.44050     0.14762     0.14762   -6.338314088   -4.988670647    1.349643441
     1       2    -0.00059    -0.29347    -0.58753   -6.644230609   -5.256677443    1.387553166
     1       2    -0.29465     0.29465     0.00059   -5.755042535   -4.350569682    1.404472853
     1       2    -0.14762     0.44168    -0.14644   -6.340780219   -4.990735480    1.350044738
     1       2     0.58753     0.00059     0.29465   -6.644230609   -5.256677443    1.387553166
     1       2    -0.44168     0.14762     0.14762   -6.343162792   -4.993382694    1.349780098
     1       2    -0.29465     0.29465     0.29465   -6.675237213   -5.462982137    1.212255076
     1       2    -0.14762     0.44168     0.14762   -6.343162792   -4.993382694    1.349780098
     1       2    -0.00059     0.58870     0.00059   -6.842103958   -5.517140782    1.324963176
     1       2     0.14644    -0.44050    -0.14644   -6.333455781   -4.983285160    1.350170621
     1       2    -0.14762     0.14762     0.44168   -6.343162791   -4.993382694    1.349780097
     1       2    -0.00059     0.29465     0.29465   -5.755042535   -4.350569683    1.404472852
     1       2     0.14644     0.44168     0.14762   -6.340780219   -4.990735481    1.350044738
     1       2    -0.29465     0.00059    -0.58753   -6.644230609   -5.256677442    1.387553167
     1       2    -0.00059     0.00059     0.58870   -6.842103958   -5.517140782    1.324963176
     1       2     0.14644     0.14762     0.44168   -6.340780219   -4.990735481    1.350044738
     1       2     0.29347     0.29465     0.29465   -6.675275481   -5.463019592    1.212255889
     1       2    -0.14762    -0.14644    -0.44050   -6.335884339   -4.985977664    1.349906675
     1       2     0.14644    -0.14644    -0.44050   -6.333455781   -4.983285159    1.350170622
     1       2     0.29347     0.00059     0.58870   -6.644230609   -5.256677443    1.387553167
     1       2    -0.14762    -0.44050    -0.14644   -6.335884339   -4.985977663    1.349906676
     1       2    -0.00059    -0.29347    -0.29347   -5.741836416   -4.337233027    1.404603389
     1       2     0.14644    -0.14644    -0.14644   -4.293994321   -2.659701486    1.634292835
     1       2     0.29347     0.00059    -0.29347   -5.741836416   -4.337233027    1.404603389
     1       2    -0.14762    -0.44050     0.14762   -6.338314088   -4.988670647    1.349643441
     1       2    -0.00059    -0.29347     0.00059   -4.285721702   -2.588206884    1.697514818
     1       2     0.29347    -0.29347     0.00059   -5.741836416   -4.337233027    1.404603389
     1       2     0.44050    -0.14644    -0.14644   -6.333455781   -4.983285160    1.350170621
     1       2    -0.00059     0.58870     0.29465   -6.644230609   -5.256677443    1.387553166
     1       2     0.14644    -0.44050     0.14762   -6.335884339   -4.985977663    1.349906676
     1       2    -0.14762     0.14762    -0.44050   -6.338314088   -4.988670647    1.349643441
     1       2    -0.00059     0.29465     0.58870   -6.644230609   -5.256677443    1.387553166
     1       2    -0.44168    -0.14644    -0.14644   -6.338398806   -4.988088720    1.350310086
     1       2    -0.29465     0.00059    -0.29347   -5.748457155   -4.343917575    1.404539580
     1       2    -0.00059     0.00059    -0.29347   -4.285721702   -2.588206884    1.697514818
     1       2     0.14644     0.14762    -0.44050   -6.335884339   -4.985977664    1.349906675
     1       2    -0.29465    -0.29347     0.00059   -5.748457155   -4.343917575    1.404539579
     1       2    -0.14762    -0.14644    -0.14644   -4.304328967   -2.670257427    1.634071540
     1       3    -0.00059     0.00059     0.00059   -0.354907694    1.752616681    2.107524375
     1       3     0.14644     0.14762    -0.14644   -0.915533699    1.093252877    2.008786576
     1       3     0.29347     0.29465    -0.29347   -1.295195170    0.614852590    1.910047760
     1       3    -0.14762    -0.14644     0.14762   -0.917487389    1.091295235    2.008782624
     1       3     0.14644    -0.14644     0.14762   -0.915533699    1.093252877    2.008786576
     1       3     0.29347     0.00059     0.00059   -1.835428834    0.014374391    1.849803225
     1       3     0.44050     0.14762    -0.14644   -3.353011099   -1.772232758    1.580778341
     1       3    -0.00059    -0.29347     0.29465   -3.486194881   -1.959605199    1.526589682
     1       3     0.29347    -0.29347     0.29465   -1.295195170    0.614852590    1.910047760
     1       3     0.44050    -0.14644     0.14762   -3.353011099   -1.772232758    1.580778341
     1       3     0.58753     0.00059     0.00059   -2.705009786   -1.112923350    1.592086435
     1       3    -0.44168     0.14762    -0.14644   -3.361888037   -1.781898176    1.579989860
     1       3    -0.14762     0.14762    -0.14644   -0.917487389    1.091295235    2.008782624
     1       3    -0.00059     0.29465    -0.29347   -3.486194881   -1.959605199    1.526589682
     1       3    -0.44168    -0.14644     0.14762   -3.361888037   -1.781898175    1.579989861
     1       3    -0.29465     0.00059     0.00059   -1.842007136    0.007796101    1.849803238
     1       3    -0.14762     0.14762     0.14762   -0.916191801    1.092594775    2.008786576
     1       3    -0.00059     0.29465     0.00059   -1.842007136    0.007796101    1.849803238
     1       3     0.14644     0.44168    -0.14644   -3.361021917   -1.781543787    1.579478130
     1       3    -0.29465     0.00059     0.29465   -3.492110468   -1.965792335    1.526318133
     1       3    -0.00059     0.00059     0.29465   -1.842007136    0.007796101    1.849803238
     1       3     0.14644     0.14762     0.14762   -0.917487389    1.091295235    2.008782624
     1       3     0.29347     0.29465     0.00059   -3.486194881   -1.959605199    1.526589682
     1       3    -0.14762    -0.14644     0.44168   -3.361888037   -1.781898176    1.579989861
     1       3     0.14644    -0.14644     0.44168   -3.361021917   -1.781543786    1.579478131
     1       3     0.29347     0.00059     0.29465   -3.486194881   -1.959605199    1.526589682
     1       3     0.44050     0.14762     0.14762   -3.353785908   -1.772500416    1.581285492
     1       3    -0.00059    -0.29347    -0.58753   -3.679821941   -2.184632563    1.495189378
     1       3    -0.29465     0.29465     0.00059   -3.492110468   -1.965792335    1.526318133
     1       3    -0.14762     0.44168    -0.14644   -3.361888037   -1.781898176    1.579989861
     1       3     0.58753     0.00059     0.29465   -3.679821941   -2.184632563    1.495189378
     1       3    -0.44168     0.14762     0.14762   -3.362692894   -1.782195080    1.580497813
     1       3    -0.29465     0.29465     0.29465   -1.295066873    0.614981904    1.910048777
     1       3    -0.14762     0.44168     0.14762   -3.362692894   -1.782195080    1.580497814
     1       3    -0.00059     0.58870     0.00059   -2.705009786   -1.112923350    1.592086435
     1       3     0.14644    -0.44050    -0.14644   -3.352174542   -1.771907236    1.580267306
     1       3    -0.14762     0.14762     0.44168   -3.362692894   -1.782195080    1.580497813
     1       3    -0.00059     0.29465     0.29465   -3.492110468   -1.965792335    1.526318133
     1       3     0.14644     0.44168     0.14762   -3.361888037   -1.781898175    1.579989862
     1       3    -0.29465     0.00059    -0.58753   -3.679821941   -2.184632563    1.495189378
     1       3    -0.00059     0.00059     0.58870   -2.705009786   -1.112923350    1.592086435
     1       3     0.14644     0.14762     0.44168   -3.361888037   -1.781898176    1.579989861
     1       3     0.29347     0.29465     0.29465   -1.295195171    0.614852590    1.910047760
     1       3    -0.14762    -0.14644    -0.44050   -3.353011099   -1.772232759    1.580778341
     1       3     0.14644    -0.14644    -0.44050   -3.352174542   -1.771907234    1.580267307
     1       3     0.29347     0.00059     0.58870   -3.679821941   -2.184632563    1.495189378
     1       3    -0.14762    -0.44050    -0.14644   -3.353011099   -1.772232758    1.580778341
     1       3    -0.00059    -0.29347    -0.29347   -3.480269117   -1.953409260    1.526859857
     1       3     0.14644    -0.14644    -0.14644   -0.910586356    1.098200220    2.008786576
     1       3     0.29347     0.00059    -0.29347   -3.480269117   -1.953409261    1.526859856
     1       3    -0.14762    -0.44050     0.14762   -3.353785908   -1.772500416    1.581285492
     1       3    -0.00059    -0.29347     0.00059   -1.835428835    0.014374391    1.849803225
     1       3     0.29347    -0.29347     0.00059   -3.480269117   -1.953409261    1.526859856
     1       3     0.44050    -0.14644    -0.14644   -3.352174542   -1.771907235    1.580267306
     1       3    -0.00059     0.58870     0.29465   -3.679821941   -2.184632563    1.495189378
     1       3     0.14644    -0.44050     0.14762   -3.353011099   -1.772232759    1.580778340
     1       3    -0.14762     0.14762    -0.44050   -3.353785908   -1.772500417    1.581285491
     1       3    -0.00059     0.29465     0.58870   -3.679821941   -2.184632563    1.495189378
     1       3    -0.44168    -0.14644    -0.14644   -3.361021917   -1.781543786    1.579478131
     1       3    -0.29465     0.00059    -0.29347   -3.486194881   -1.959605199    1.526589682
     1       3    -0.00059     0.00059    -0.29347   -1.835428835    0.014374391    1.849803225
     1       3     0.14644     0.14762    -0.44050   -3.353011099   -1.772232758    1.580778341
     1       3    -0.29465    -0.29347     0.00059   -3.486194881   -1.959605198    1.526589683
     1       3    -0.14762    -0.14644    -0.14644   -0.915533699    1.093252877    2.008786576
     1       4    -0.00059     0.00059     0.00059   -0.354907694    1.752616681    2.107524375
     1       4     0.14644     0.14762    -0.14644   -0.909500009    1.099282596    2.008782606
     1       4     0.29347     0.29465    -0.29347   -1.295094713    0.614954064    1.910048777
     1       4    -0.14762    -0.14644     0.14762   -0.911283134    1.097503442    2.008786576
     1       4     0.14644    -0.14644     0.14762   -0.909500009    1.099282596    2.008782606
     1       4     0.29347     0.00059     0.00059   -1.835405217    0.014400475    1.849805692
     1       4     0.44050     0.14762    -0.14644   -2.128350277   -0.377284322    1.751065956
     1       4    -0.00059    -0.29347     0.29465   -1.378310431    0.531735980    1.910046411
     1       4     0.29347    -0.29347     0.29465   -1.295094713    0.614954064    1.910048777
     1       4     0.44050    -0.14644     0.14762   -2.128350277   -0.377284322    1.751065956
     1       4     0.58753     0.00059     0.00059   -2.704954466   -1.112867457    1.592087009
     1       4    -0.44168     0.14762    -0.14644   -2.131422522   -0.380356537    1.751065984
     1       4    -0.14762     0.14762    -0.14644   -0.911283134    1.097503442    2.008786576
     1       4    -0.00059     0.29465    -0.29347   -1.378310431    0.531735980    1.910046411
     1       4    -0.44168    -0.14644     0.14762   -2.131422521   -0.380356537    1.751065984
     1       4    -0.29465     0.00059     0.00059   -1.841983268    0.007822424    1.849805692
     1       4    -0.14762     0.14762     0.14762   -0.916191800    1.092594776    2.008786576
     1       4    -0.00059     0.29465     0.00059   -1.841983268    0.007822424    1.849805692
     1       4     0.14644     0.44168    -0.14644   -2.134057838   -0.382989945    1.751067893
     1       4    -0.29465     0.00059     0.29465   -1.382401584    0.527647193    1.910048777
     1       4    -0.00059     0.00059     0.29465   -1.841983268    0.007822424    1.849805692
     1       4     0.14644     0.14762     0.14762   -0.911283134    1.097503442    2.008786576
     1       4     0.29347     0.29465     0.00059   -1.378310431    0.531735980    1.910046411
     1       4    -0.14762    -0.14644     0.44168   -2.131422522   -0.380356537    1.751065984
     1       4     0.14644    -0.14644     0.44168   -2.134057838   -0.382989945    1.751067893
     1       4     0.29347     0.00059     0.29465   -1.378310431    0.531735980    1.910046411
     1       4     0.44050     0.14762     0.14762   -2.125651827   -0.374583934    1.751067893
     1       4    -0.00059    -0.29347    -0.58753   -3.393175126   -1.844240862    1.548934264
     1       4    -0.29465     0.29465     0.00059   -1.382401584    0.527647193    1.910048777
     1       4    -0.14762     0.44168    -0.14644   -2.131422522   -0.380356538    1.751065984
     1       4     0.58753     0.00059     0.29465   -3.393175126   -1.844240862    1.548934264
     1       4    -0.44168     0.14762     0.14762   -2.128719157   -0.377651264    1.751067893
     1       4    -0.29465     0.29465     0.29465   -1.295066873    0.614981904    1.910048777
     1       4    -0.14762     0.44168     0.14762   -2.128719157   -0.377651264    1.751067893
     1       4    -0.00059     0.58870     0.00059   -2.704954466   -1.112867457    1.592087009
     1       4     0.14644    -0.44050    -0.14644   -2.130981328   -0.379913435    1.751067893
     1       4    -0.14762     0.14762     0.44168   -2.128719157   -0.377651264    1.751067893
     1       4    -0.00059     0.29465     0.29465   -1.382401584    0.527647193    1.910048777
     1       4     0.14644     0.44168     0.14762   -2.131422522   -0.380356538    1.751065984
     1       4    -0.29465     0.00059    -0.58753   -3.393175126   -1.844240862    1.548934264
     1       4    -0.00059     0.00059     0.58870   -2.704954466   -1.112867457    1.592087009
     1       4     0.14644     0.14762     0.44168   -2.131422522   -0.380356537    1.751065984
     1       4     0.29347     0.29465     0.29465   -1.295094713    0.614954064    1.910048777
     1       4    -0.14762    -0.14644    -0.44050   -2.128350278   -0.377284322    1.751065956
     1       4     0.14644    -0.14644    -0.44050   -2.130981328   -0.379913435    1.751067893
     1       4     0.29347     0.00059     0.58870   -3.393175126   -1.844240862    1.548934264
     1       4    -0.14762    -0.44050    -0.14644   -2.128350278   -0.377284322    1.751065956
     1       4    -0.00059    -0.29347    -0.29347   -1.374127338    0.535921439    1.910048777
     1       4     0.14644    -0.14644    -0.14644   -0.910586356    1.098200220    2.008786576
     1       4     0.29347     0.00059    -0.29347   -1.374127338    0.535921439    1.910048777
     1       4    -0.14762    -0.44050     0.14762   -2.125651827   -0.374583934    1.751067893
     1       4    -0.00059    -0.29347     0.00059   -1.835405217    0.014400475    1.849805692
     1       4     0.29347    -0.29347     0.00059   -1.374127338    0.535921439    1.910048777
     1       4     0.44050    -0.14644    -0.14644   -2.130981328   -0.379913435    1.751067893
     1       4    -0.00059     0.58870     0.29465   -3.393175126   -1.844240862    1.548934264
     1       4     0.14644    -0.44050     0.14762   -2.128350278   -0.377284322    1.751065956
     1       4    -0.14762     0.14762    -0.44050   -2.125651827   -0.374583934    1.751067893
     1       4    -0.00059     0.29465     0.58870   -3.393175126   -1.844240862    1.548934264
     1       4    -0.44168    -0.14644    -0.14644   -2.134057838   -0.382989945    1.751067893
     1       4    -0.29465     0.00059    -0.29347   -1.378310431    0.531735980    1.910046411
     1       4    -0.00059     0.00059    -0.29347   -1.835405218    0.014400474    1.849805692
     1       4     0.14644     0.14762    -0.44050   -2.128350278   -0.377284322    1.751065956
     1       4    -0.29465    -0.29347     0.00059   -1.378310431    0.531735980    1.910046411
     1       4    -0.14762    -0.14644    -0.14644   -0.909500010    1.099282596    2.008782606
     1       5     0.00000     0.00000     0.00000    0.311639656    4.340734145    4.029094489
     1       5     0.14703     0.14703    -0.14703    1.193064763    4.528836483    3.335771720
     1       5     0.29406     0.29406    -0.29406    0.648500343    3.872918218    3.224417875
     1       5    -0.14703    -0.14703     0.14703    1.193064763    4.528836484    3.335771721
     1       5     0.14703    -0.14703     0.14703    1.193064763    4.528836483    3.335771720
     1       5     0.29406     0.00000     0.00000    1.559345635    4.300257957    2.740912323
     1       5     0.44109     0.14703    -0.14703    1.688364679    4.346582814    2.658218135
     1       5     0.00000    -0.29406     0.29406    2.339350703    5.322011171    2.982660468
     1       5     0.29406    -0.29406     0.29406    0.648500343    3.872918218    3.224417875
     1       5     0.44109    -0.14703     0.14703    1.688364679    4.346582813    2.658218134
     1       5     0.58812     0.00000     0.00000    0.870774174    3.060822603    2.190048429
     1       5    -0.44109     0.14703    -0.14703    1.688364679    4.346582813    2.658218134
     1       5    -0.14703     0.14703    -0.14703    1.193064763    4.528836483    3.335771719
     1       5     0.00000     0.29406    -0.29406    2.339350703    5.322011171    2.982660468
     1       5    -0.44109    -0.14703     0.14703    1.688364679    4.346582814    2.658218135
     1       5    -0.29406     0.00000     0.00000    1.559345635    4.300257957    2.740912323
     1       5    -0.14703     0.14703     0.14703    1.193064763    4.528836484    3.335771720
     1       5     0.00000     0.29406     0.00000    1.559345635    4.300257957    2.740912323
     1       5     0.14703     0.44109    -0.14703    1.688364679    4.346582813    2.658218134
     1       5    -0.29406     0.00000     0.29406    2.339350703    5.322011171    2.982660468
     1       5     0.00000     0.00000     0.29406    1.559345635    4.300257957    2.740912323
     1       5     0.14703     0.14703     0.14703    1.193064763    4.528836482    3.335771719
     1       5     0.29406     0.29406     0.00000    2.339350703    5.322011171    2.982660468
     1       5    -0.14703    -0.14703     0.44109    1.688364679    4.346582813    2.658218135
     1       5     0.14703    -0.14703     0.44109    1.688364679    4.346582813    2.658218135
     1       5     0.29406     0.00000     0.29406    2.339350703    5.322011171    2.982660468
     1       5     0.44109     0.14703     0.14703    1.688364679    4.346582813    2.658218135
     1       5    -0.00000    -0.29406    -0.58812    3.997532276    6.636731192    2.639198916
     1       5    -0.29406     0.29406     0.00000    2.339350703    5.322011171    2.982660468
     1       5    -0.14703     0.44109    -0.14703    1.688364679    4.346582813    2.658218135
     1       5     0.58812     0.00000     0.29406    3.997532276    6.636731192    2.639198916
     1       5    -0.44109     0.14703     0.14703    1.688364679    4.346582813    2.658218134
     1       5    -0.29406     0.29406     0.29406    0.648500343    3.872918218    3.224417875
     1       5    -0.14703     0.44109     0.14703    1.688364679    4.346582813    2.658218134
     1       5     0.00000     0.58812     0.00000    0.870774174    3.060822603    2.190048429
     1       5     0.14703    -0.44109    -0.14703    1.688364679    4.346582813    2.658218134
     1       5    -0.14703     0.14703     0.44109    1.688364679    4.346582813    2.658218135
     1       5     0.00000     0.29406     0.29406    2.339350703    5.322011171    2.982660468
     1       5     0.14703     0.44109     0.14703    1.688364679    4.346582813    2.658218135
     1       5    -0.29406    -0.00000    -0.58812    3.997532276    6.636731201    2.639198925
     1       5     0.00000     0.00000     0.58812    0.870774174    3.060822603    2.190048429
     1       5     0.14703     0.14703     0.44109    1.688364679    4.346582813    2.658218135
     1       5     0.29406     0.29406     0.29406    0.648500343    3.872918218    3.224417875
     1       5    -0.14703    -0.14703    -0.44109    1.688364679    4.346582813    2.658218134
     1       5     0.14703    -0.14703    -0.44109    1.688364679    4.346582813    2.658218135
     1       5     0.29406     0.00000     0.58812    3.997532276    6.636731202    2.639198926
     1       5    -0.14703    -0.44109    -0.14703    1.688364679    4.346582813    2.658218134
     1       5     0.00000    -0.29406    -0.29406    2.339350703    5.322011171    2.982660468
     1       5     0.14703    -0.14703    -0.14703    1.193064763    4.528836482    3.335771719
     1       5     0.29406     0.00000    -0.29406    2.339350703    5.322011171    2.982660468
     1       5    -0.14703    -0.44109     0.14703    1.688364679    4.346582813    2.658218134
     1       5     0.00000    -0.29406     0.00000    1.559345635    4.300257957    2.740912323
     1       5     0.29406    -0.29406     0.00000    2.339350703    5.322011171    2.982660468
     1       5     0.44109    -0.14703    -0.14703    1.688364679    4.346582813    2.658218134
     1       5     0.00000     0.58812     0.29406    3.997532276    6.636731187    2.639198911
     1       5     0.14703    -0.44109     0.14703    1.688364679    4.346582813    2.658218134
     1       5    -0.14703     0.14703    -0.44109    1.688364679    4.346582813    2.658218134
     1       5     0.00000     0.29406     0.58812    3.997532276    6.636731190    2.639198914
     1       5    -0.44109    -0.14703    -0.14703    1.688364679    4.346582813    2.658218134
     1       5    -0.29406     0.00000    -0.29406    2.339350703    5.322011171    2.982660469
     1       5     0.00000     0.00000    -0.29406    1.559345635    4.300257957    2.740912323
     1       5     0.14703     0.14703    -0.44109    1.688364679    4.346582813    2.658218135
     1       5    -0.29406    -0.29406     0.00000    2.339350703    5.322011171    2.982660468
     1       5    -0.14703    -0.14703    -0.14703    1.193064763    4.528836483    3.335771719
     1       6     0.00000     0.00000     0.00000    3.415063813    6.380545071    2.965481258
     1       6     0.14703     0.14703    -0.14703    4.168214623    7.072945013    2.904730391
     1       6     0.29406     0.29406    -0.29406    4.041117953    6.885097476    2.843979523
     1       6    -0.14703    -0.14703     0.14703    4.168214623    7.072945013    2.904730391
     1       6     0.14703    -0.14703     0.14703    4.168214622    7.072945013    2.904730391
     1       6     0.29406     0.00000     0.00000    2.869894906    6.065159452    3.195264546
     1       6     0.44109     0.14703    -0.14703    4.294928860    6.924709062    2.629780201
     1       6     0.00000    -0.29406     0.29406    5.205455205    8.347052762    3.141597556
     1       6     0.29406    -0.29406     0.29406    4.041117953    6.885097476    2.843979523
     1       6     0.44109    -0.14703     0.14703    4.294928860    6.924709061    2.629780201
     1       6     0.58812     0.00000     0.00000    1.115853519    3.792059644    2.676206125
     1       6    -0.44109     0.14703    -0.14703    4.294928860    6.924709057    2.629780196
     1       6    -0.14703     0.14703    -0.14703    4.168214622    7.072945013    2.904730391
     1       6     0.00000     0.29406    -0.29406    5.205455205    8.347052761    3.141597556
     1       6    -0.44109    -0.14703     0.14703    4.294928860    6.924709057    2.629780197
     1       6    -0.29406     0.00000     0.00000    2.869894906    6.065159452    3.195264546
     1       6    -0.14703     0.14703     0.14703    4.168214622    7.072945013    2.904730391
     1       6     0.00000     0.29406     0.00000    2.869894906    6.065159452    3.195264546
     1       6     0.14703     0.44109    -0.14703    4.294928860    6.924709058    2.629780198
     1       6    -0.29406     0.00000     0.29406    5.205455205    8.347052762    3.141597557
     1       6     0.00000     0.00000     0.29406    2.869894906    6.065159452    3.195264546
     1       6     0.14703     0.14703     0.14703    4.168214622    7.072945013    2.904730391
     1       6     0.29406     0.29406     0.00000    5.205455205    8.347052761    3.141597556
     1       6    -0.14703    -0.14703     0.44109    4.294928860    6.924709057    2.629780197
     1       6     0.14703    -0.14703     0.44109    4.294928860    6.924709062    2.629780201
     1       6     0.29406     0.00000     0.29406    5.205455205    8.347052760    3.141597555
     1       6     0.44109     0.14703     0.14703    4.294928861    6.924709063    2.629780203
     1       6    -0.00000    -0.29406    -0.58812    4.337867225    7.421137839    3.083270614
     1       6    -0.29406     0.29406     0.00000    5.205455205    8.347052760    3.141597555
     1       6    -0.14703     0.44109    -0.14703    4.294928860    6.924709065    2.629780204
     1       6     0.58812     0.00000     0.29406    4.337867225    7.421137834    3.083270609
     1       6    -0.44109     0.14703     0.14703    4.294928861    6.924709062    2.629780201
     1       6    -0.29406     0.29406     0.29406    4.041117953    6.885097476    2.843979523
     1       6    -0.14703     0.44109     0.14703    4.294928860    6.924709059    2.629780198
     1       6     0.00000     0.58812     0.00000    1.115853519    3.792059644    2.676206125
     1       6     0.14703    -0.44109    -0.14703    4.294928860    6.924709056    2.629780196
     1       6    -0.14703     0.14703     0.44109    4.294928860    6.924709057    2.629780197
     1       6     0.00000     0.29406     0.29406    5.205455205    8.347052762    3.141597557
     1       6     0.14703     0.44109     0.14703    4.294928860    6.924709059    2.629780199
     1       6    -0.29406    -0.00000    -0.58812    4.337867225    7.421137845    3.083270620
     1       6     0.00000     0.00000     0.58812    1.115853519    3.792059644    2.676206125
     1       6     0.14703     0.14703     0.44109    4.294928860    6.924709056    2.629780196
     1       6     0.29406     0.29406     0.29406    4.041117953    6.885097476    2.843979523
     1       6    -0.14703    -0.14703    -0.44109    4.294928860    6.924709059    2.629780199
     1       6     0.14703    -0.14703    -0.44109    4.294928860    6.924709063    2.629780203
     1       6     0.29406     0.00000     0.58812    4.337867225    7.421137844    3.083270619
     1       6    -0.14703    -0.44109    -0.14703    4.294928860    6.924709061    2.629780201
     1       6     0.00000    -0.29406    -0.29406    5.205455205    8.347052760    3.141597555
     1       6     0.14703    -0.14703    -0.14703    4.168214622    7.072945013    2.904730391
     1       6     0.29406     0.00000    -0.29406    5.205455205    8.347052761    3.141597555
     1       6    -0.14703    -0.44109     0.14703    4.294928860    6.924709063    2.629780203
     1       6     0.00000    -0.29406     0.00000    2.869894906    6.065159452    3.195264546
     1       6     0.29406    -0.29406     0.00000    5.205455205    8.347052762    3.141597557
     1       6     0.44109    -0.14703    -0.14703    4.294928861    6.924709058    2.629780197
     1       6     0.00000     0.58812     0.29406    4.337867225    7.421137833    3.083270608
     1       6     0.14703    -0.44109     0.14703    4.294928860    6.924709056    2.629780196
     1       6    -0.14703     0.14703    -0.44109    4.294928860    6.924709057    2.629780196
     1       6     0.00000     0.29406     0.58812    4.337867225    7.421137839    3.083270614
     1       6    -0.44109    -0.14703    -0.14703    4.294928861    6.924709056    2.629780195
     1       6    -0.29406     0.00000    -0.29406    5.205455205    8.347052763    3.141597558
     1       6     0.00000     0.00000    -0.29406    2.869894906    6.065159452    3.195264546
     1       6     0.14703     0.14703    -0.44109    4.294928860    6.924709061    2.629780201
     1       6    -0.29406    -0.29406     0.00000    5.205455205    8.347052761    3.141597556
     1       6    -0.14703    -0.14703    -0.14703    4.168214622    7.072945013    2.904730391
     1       7     0.00000     0.00000     0.00000    3.415063813    6.380545071    2.965481258
     1       7     0.14703     0.14703    -0.14703    4.168214623    7.072945013    2.904730391
     1       7     0.29406     0.29406    -0.29406    4.041117953    6.885097476    2.843979523
     1       7    -0.14703    -0.14703     0.14703    4.168214623    7.072945013    2.904730391
     1       7     0.14703    -0.14703     0.14703    4.168214623    7.072945013    2.904730391
     1       7     0.29406     0.00000     0.00000    6.155742963    9.559142659    3.403399695
     1       7     0.44109     0.14703    -0.14703    5.660697538    8.835303436    3.174605898
     1       7     0.00000    -0.29406     0.29406    5.231066504    8.075046027    2.843979523
     1       7     0.29406    -0.29406     0.29406    4.041117953    6.885097476    2.843979523
     1       7     0.44109    -0.14703     0.14703    5.660697538    8.835303437    3.174605899
     1       7     0.58812     0.00000     0.00000    9.821976151   13.663294284    3.841318133
     1       7    -0.44109     0.14703    -0.14703    5.660697538    8.835303439    3.174605901
     1       7    -0.14703     0.14703    -0.14703    4.168214623    7.072945013    2.904730391
     1       7     0.00000     0.29406    -0.29406    5.231066504    8.075046027    2.843979523
     1       7    -0.44109    -0.14703     0.14703    5.660697538    8.835303436    3.174605898
     1       7    -0.29406     0.00000     0.00000    6.155742963    9.559142659    3.403399696
     1       7    -0.14703     0.14703     0.14703    4.168214623    7.072945013    2.904730391
     1       7     0.00000     0.29406     0.00000    6.155742963    9.559142659    3.403399696
     1       7     0.14703     0.44109    -0.14703    5.660697538    8.835303437    3.174605899
     1       7    -0.29406     0.00000     0.29406    5.231066504    8.075046027    2.843979523
     1       7     0.00000     0.00000     0.29406    6.155742963    9.559142659    3.403399695
     1       7     0.14703     0.14703     0.14703    4.168214623    7.072945013    2.904730391
     1       7     0.29406     0.29406     0.00000    5.231066504    8.075046027    2.843979523
     1       7    -0.14703    -0.14703     0.44109    5.660697538    8.835303439    3.174605901
     1       7     0.14703    -0.14703     0.44109    5.660697538    8.835303436    3.174605898
     1       7     0.29406     0.00000     0.29406    5.231066504    8.075046027    2.843979523
     1       7     0.44109     0.14703     0.14703    5.660697538    8.835303438    3.174605899
     1       7    -0.00000    -0.29406    -0.58812    5.030687084    8.140869778    3.110182693
     1       7    -0.29406     0.29406     0.00000    5.231066504    8.075046027    2.843979523
     1       7    -0.14703     0.44109    -0.14703    5.660697538    8.835303437    3.174605899
     1       7     0.58812     0.00000     0.29406    5.030687085    8.140869773    3.110182688
     1       7    -0.44109     0.14703     0.14703    5.660697538    8.835303436    3.174605898
     1       7    -0.29406     0.29406     0.29406    4.041117953    6.885097476    2.843979523
     1       7    -0.14703     0.44109     0.14703    5.660697538    8.835303436    3.174605898
     1       7     0.00000     0.58812     0.00000    9.821976151   13.663294284    3.841318133
     1       7     0.14703    -0.44109    -0.14703    5.660697538    8.835303437    3.174605899
     1       7    -0.14703     0.14703     0.44109    5.660697538    8.835303438    3.174605899
     1       7     0.00000     0.29406     0.29406    5.231066504    8.075046027    2.843979523
     1       7     0.14703     0.44109     0.14703    5.660697538    8.835303438    3.174605900
     1       7    -0.29406    -0.00000    -0.58812    5.030687084    8.140869784    3.110182699
     1       7     0.00000     0.00000     0.58812    9.821976151   13.663294284    3.841318133
     1       7     0.14703     0.14703     0.44109    5.660697538    8.835303437    3.174605899
     1       7     0.29406     0.29406     0.29406    4.041117953    6.885097476    2.843979523
     1       7    -0.14703    -0.14703    -0.44109    5.660697538    8.835303437    3.174605899
     1       7     0.14703    -0.14703    -0.44109    5.660697538    8.835303437    3.174605899
     1       7     0.29406     0.00000     0.58812    5.030687084    8.140869784    3.110182700
     1       7    -0.14703    -0.44109    -0.14703    5.660697538    8.835303435    3.174605897
     1       7     0.00000    -0.29406    -0.29406    5.231066504    8.075046027    2.843979523
     1       7     0.14703    -0.14703    -0.14703    4.168214623    7.072945013    2.904730391
     1       7     0.29406     0.00000    -0.29406    5.231066504    8.075046027    2.843979523
     1       7    -0.14703    -0.44109     0.14703    5.660697538    8.835303435    3.174605897
     1       7     0.00000    -0.29406     0.00000    6.155742963    9.559142659    3.403399695
     1       7     0.29406    -0.29406     0.00000    5.231066504    8.075046027    2.843979523
     1       7     0.44109    -0.14703    -0.14703    5.660697538    8.835303436    3.174605897
     1       7     0.00000     0.58812     0.29406    5.030687085    8.140869773    3.110182688
     1       7     0.14703    -0.44109     0.14703    5.660697538    8.835303436    3.174605898
     1       7    -0.14703     0.14703    -0.44109    5.660697538    8.835303436    3.174605898
     1       7     0.00000     0.29406     0.58812    5.030687084    8.140869779    3.110182694
     1       7    -0.44109    -0.14703    -0.14703    5.660697538    8.835303437    3.174605899
     1       7    -0.29406     0.00000    -0.29406    5.231066504    8.075046027    2.843979523
     1       7     0.00000     0.00000    -0.29406    6.155742963    9.559142659    3.403399696
     1       7     0.14703     0.14703    -0.44109    5.660697538    8.835303435    3.174605897
     1       7    -0.29406    -0.29406     0.00000    5.231066504    8.075046027    2.843979523
     1       7    -0.14703    -0.14703    -0.14703    4.168214623    7.072945013    2.904730391
     1       8     0.00000     0.00000     0.00000    3.415063813    6.380545071    2.965481258
     1       8     0.14703     0.14703    -0.14703    5.602079212    8.757708757    3.155629545
     1       8     0.29406     0.29406    -0.29406    7.341505357    9.679564343    2.338058986
     1       8    -0.14703    -0.14703     0.14703    5.602079212    8.757708750    3.155629538
     1       8     0.14703    -0.14703     0.14703    5.602079212    8.757708774    3.155629562
     1       8     0.29406     0.00000     0.00000    6.155742963    9.559142659    3.403399695
     1       8     0.44109     0.14703    -0.14703    6.379645605    9.722294433    3.342648828
     1       8     0.00000    -0.29406     0.29406    5.316307894    7.783721721    2.467413827
     1       8     0.29406    -0.29406     0.29406    7.341505357    9.679564343    2.338058986
     1       8     0.44109    -0.14703     0.14703    6.379645605    9.722294433    3.342648828
     1       8     0.58812     0.00000     0.00000    9.821976151   13.663294284    3.841318133
     1       8    -0.44109     0.14703    -0.14703    6.379645605    9.722294433    3.342648828
     1       8    -0.14703     0.14703    -0.14703    5.602079212    8.757708682    3.155629470
     1       8     0.00000     0.29406    -0.29406    5.316307894    7.783721721    2.467413827
     1       8    -0.44109    -0.14703     0.14703    6.379645605    9.722294433    3.342648828
     1       8    -0.29406     0.00000     0.00000    6.155742963    9.559142659    3.403399696
     1       8    -0.14703     0.14703     0.14703    5.602079212    8.757708842    3.155629630
     1       8     0.00000     0.29406     0.00000    6.155742963    9.559142659    3.403399696
     1       8     0.14703     0.44109    -0.14703    6.379645605    9.722294433    3.342648828
     1       8    -0.29406     0.00000     0.29406    5.316307894    7.783721721    2.467413827
     1       8     0.00000     0.00000     0.29406    6.155742963    9.559142659    3.403399696
     1       8     0.14703     0.14703     0.14703    5.602079212    8.757708736    3.155629524
     1       8     0.29406     0.29406     0.00000    5.316307894    7.783721720    2.467413826
     1       8    -0.14703    -0.14703     0.44109    6.379645605    9.722294433    3.342648828
     1       8     0.14703    -0.14703     0.44109    6.379645605    9.722294433    3.342648828
     1       8     0.29406     0.00000     0.29406    5.316307894    7.783721722    2.467413829
     1       8     0.44109     0.14703     0.14703    6.379645605    9.722294433    3.342648828
     1       8    -0.00000    -0.29406    -0.58812    5.404863243    8.255303966    2.850440723
     1       8    -0.29406     0.29406     0.00000    5.316307894    7.783721723    2.467413829
     1       8    -0.14703     0.44109    -0.14703    6.379645605    9.722294433    3.342648828
     1       8     0.58812     0.00000     0.29406    5.404863243    8.255303960    2.850440717
     1       8    -0.44109     0.14703     0.14703    6.379645605    9.722294433    3.342648828
     1       8    -0.29406     0.29406     0.29406    7.341505357    9.679564343    2.338058986
     1       8    -0.14703     0.44109     0.14703    6.379645605    9.722294433    3.342648828
     1       8     0.00000     0.58812     0.00000    9.821976151   13.663294284    3.841318133
     1       8     0.14703    -0.44109    -0.14703    6.379645605    9.722294433    3.342648828
     1       8    -0.14703     0.14703     0.44109    6.379645605    9.722294433    3.342648828
     1       8     0.00000     0.29406     0.29406    5.316307894    7.783721718    2.467413824
     1       8     0.14703     0.44109     0.14703    6.379645605    9.722294433    3.342648828
     1       8    -0.29406    -0.00000    -0.58812    5.404863243    8.255303973    2.850440730
     1       8     0.00000     0.00000     0.58812    9.821976151   13.663294284    3.841318133
     1       8     0.14703     0.14703     0.44109    6.379645605    9.722294433    3.342648828
     1       8     0.29406     0.29406     0.29406    7.341505357    9.679564343    2.338058986
     1       8    -0.14703    -0.14703    -0.44109    6.379645605    9.722294433    3.342648828
     1       8     0.14703    -0.14703    -0.44109    6.379645605    9.722294433    3.342648828
     1       8     0.29406     0.00000     0.58812    5.404863243    8.255303971    2.850440728
     1       8    -0.14703    -0.44109    -0.14703    6.379645605    9.722294433    3.342648828
     1       8     0.00000    -0.29406    -0.29406    5.316307894    7.783721722    2.467413829
     1       8     0.14703    -0.14703    -0.14703    5.602079212    8.757708724    3.155629512
     1       8     0.29406     0.00000    -0.29406    5.316307894    7.783721722    2.467413828
     1       8    -0.14703    -0.44109     0.14703    6.379645605    9.722294433    3.342648828
     1       8     0.00000    -0.29406     0.00000    6.155742963    9.559142659    3.403399695
     1       8     0.29406    -0.29406     0.00000    5.316307894    7.783721721    2.467413827
     1       8     0.44109    -0.14703    -0.14703    6.379645605    9.722294433    3.342648828
     1       8     0.00000     0.58812     0.29406    5.404863243    8.255303960    2.850440717
     1       8     0.14703    -0.44109     0.14703    6.379645605    9.722294433    3.342648828
     1       8    -0.14703     0.14703    -0.44109    6.379645605    9.722294433    3.342648828
     1       8     0.00000     0.29406     0.58812    5.404863243    8.255303967    2.850440724
     1       8    -0.44109    -0.14703    -0.14703    6.379645605    9.722294433    3.342648828
     1       8    -0.29406     0.00000    -0.29406    5.316307894    7.783721723    2.467413829
     1       8     0.00000     0.00000    -0.29406    6.155742963    9.559142659    3.403399695
     1       8     0.14703     0.14703    -0.44109    6.379645605    9.722294433    3.342648828
     1       8    -0.29406    -0.29406     0.00000    5.316307894    7.783721719    2.467413825
     1       8    -0.14703    -0.14703    -0.14703    5.602079212    8.757708715    3.155629503
