 Eigenvalues (hartree) for nkpt=  64  k points:
 kpt#   1, nband=  9, wtk=  0.01563, kpt=  0.0000  0.0000  0.0000 (reduced coord)
  -0.46802  -0.01304  -0.01304  -0.01304   0.01145   0.12550   0.12550   0.12550
   0.26998
 kpt#   2, nband=  9, wtk=  0.01563, kpt=  0.0000  0.0000  0.2500 (reduced coord)
  -0.44472  -0.15837  -0.03357  -0.03357   0.04384   0.15318   0.15318   0.20587
   0.29572
 kpt#   3, nband=  9, wtk=  0.01563, kpt=  0.0000  0.0000  0.5000 (reduced coord)
  -0.40957  -0.24531  -0.04759  -0.04759   0.02383   0.14851   0.14851   0.26980
   0.37178
 kpt#   4, nband=  9, wtk=  0.01563, kpt=  0.0000  0.0000  0.7500 (reduced coord)
  -0.44472  -0.15837  -0.03357  -0.03357   0.04384   0.15318   0.15318   0.20587
   0.29572
 kpt#   5, nband=  9, wtk=  0.01563, kpt=  0.0000  0.2500  0.0000 (reduced coord)
  -0.44472  -0.15837  -0.03357  -0.03357   0.04384   0.15318   0.15318   0.20587
   0.29572
 kpt#   6, nband=  9, wtk=  0.01563, kpt=  0.0000  0.2500  0.2500 (reduced coord)
  -0.43672  -0.15778  -0.06757  -0.06757   0.05730   0.10547   0.22622   0.22622
   0.24794
 kpt#   7, nband=  9, wtk=  0.01563, kpt=  0.0000  0.2500  0.5000 (reduced coord)
  -0.39894  -0.23293  -0.12338  -0.07827   0.06205   0.15784   0.20803   0.23445
   0.36184
 kpt#   8, nband=  9, wtk=  0.01563, kpt=  0.0000  0.2500  0.7500 (reduced coord)
  -0.41290  -0.21125  -0.12812  -0.05065   0.08597   0.19130   0.19224   0.19537
   0.27083
 kpt#   9, nband=  9, wtk=  0.01563, kpt=  0.0000  0.5000  0.0000 (reduced coord)
  -0.40957  -0.24531  -0.04759  -0.04759   0.02383   0.14851   0.14851   0.26980
   0.37178
 kpt#  10, nband=  9, wtk=  0.01563, kpt=  0.0000  0.5000  0.2500 (reduced coord)
  -0.39894  -0.23293  -0.12338  -0.07827   0.06205   0.15784   0.20803   0.23445
   0.36184
 kpt#  11, nband=  9, wtk=  0.01563, kpt=  0.0000  0.5000  0.5000 (reduced coord)
  -0.38293  -0.25144  -0.09941  -0.09941   0.03200   0.04101   0.36095   0.36095
   0.39328
 kpt#  12, nband=  9, wtk=  0.01563, kpt=  0.0000  0.5000  0.7500 (reduced coord)
  -0.39894  -0.23293  -0.12338  -0.07827   0.06205   0.15784   0.20803   0.23445
   0.36184
 kpt#  13, nband=  9, wtk=  0.01563, kpt=  0.0000  0.7500  0.0000 (reduced coord)
  -0.44472  -0.15837  -0.03357  -0.03357   0.04384   0.15318   0.15318   0.20587
   0.29572
 kpt#  14, nband=  9, wtk=  0.01563, kpt=  0.0000  0.7500  0.2500 (reduced coord)
  -0.41290  -0.21125  -0.12812  -0.05065   0.08597   0.19130   0.19224   0.19537
   0.27083
 kpt#  15, nband=  9, wtk=  0.01563, kpt=  0.0000  0.7500  0.5000 (reduced coord)
  -0.39894  -0.23293  -0.12338  -0.07827   0.06205   0.15784   0.20803   0.23445
   0.36184
 kpt#  16, nband=  9, wtk=  0.01563, kpt=  0.0000  0.7500  0.7500 (reduced coord)
  -0.43672  -0.15778  -0.06757  -0.06757   0.05730   0.10547   0.22622   0.22622
   0.24794
 kpt#  17, nband=  9, wtk=  0.01563, kpt=  0.2500  0.0000  0.0000 (reduced coord)
  -0.44472  -0.15837  -0.03357  -0.03357   0.04384   0.15318   0.15318   0.20587
   0.29572
 kpt#  18, nband=  9, wtk=  0.01563, kpt=  0.2500  0.0000  0.2500 (reduced coord)
  -0.43672  -0.15778  -0.06757  -0.06757   0.05730   0.10547   0.22622   0.22622
   0.24794
 kpt#  19, nband=  9, wtk=  0.01563, kpt=  0.2500  0.0000  0.5000 (reduced coord)
  -0.39894  -0.23293  -0.12338  -0.07827   0.06205   0.15784   0.20803   0.23445
   0.36184
 kpt#  20, nband=  9, wtk=  0.01563, kpt=  0.2500  0.0000  0.7500 (reduced coord)
  -0.41290  -0.21125  -0.12812  -0.05065   0.08597   0.19130   0.19224   0.19537
   0.27083
 kpt#  21, nband=  9, wtk=  0.01563, kpt=  0.2500  0.2500  0.0000 (reduced coord)
  -0.43672  -0.15778  -0.06757  -0.06757   0.05730   0.10547   0.22622   0.22622
   0.24794
 kpt#  22, nband=  9, wtk=  0.01563, kpt=  0.2500  0.2500  0.2500 (reduced coord)
  -0.44472  -0.15837  -0.03357  -0.03357   0.04384   0.15318   0.15318   0.20587
   0.29572
 kpt#  23, nband=  9, wtk=  0.01563, kpt=  0.2500  0.2500  0.5000 (reduced coord)
  -0.41290  -0.21125  -0.12812  -0.05065   0.08597   0.19130   0.19224   0.19537
   0.27083
 kpt#  24, nband=  9, wtk=  0.01563, kpt=  0.2500  0.2500  0.7500 (reduced coord)
  -0.39894  -0.23293  -0.12338  -0.07827   0.06205   0.15784   0.20803   0.23445
   0.36184
 kpt#  25, nband=  9, wtk=  0.01563, kpt=  0.2500  0.5000  0.0000 (reduced coord)
  -0.39894  -0.23293  -0.12338  -0.07827   0.06205   0.15784   0.20803   0.23445
   0.36184
 kpt#  26, nband=  9, wtk=  0.01563, kpt=  0.2500  0.5000  0.2500 (reduced coord)
  -0.41290  -0.21125  -0.12812  -0.05065   0.08597   0.19130   0.19224   0.19537
   0.27083
 kpt#  27, nband=  9, wtk=  0.01563, kpt=  0.2500  0.5000  0.5000 (reduced coord)
  -0.39894  -0.23293  -0.12338  -0.07827   0.06205   0.15784   0.20803   0.23445
   0.36184
 kpt#  28, nband=  9, wtk=  0.01563, kpt=  0.2500  0.5000  0.7500 (reduced coord)
  -0.38208  -0.24417  -0.13523  -0.12470   0.14691   0.15941   0.18487   0.19863
   0.38187
 kpt#  29, nband=  9, wtk=  0.01563, kpt=  0.2500  0.7500  0.0000 (reduced coord)
  -0.41290  -0.21125  -0.12812  -0.05065   0.08597   0.19130   0.19224   0.19537
   0.27083
 kpt#  30, nband=  9, wtk=  0.01563, kpt=  0.2500  0.7500  0.2500 (reduced coord)
  -0.39894  -0.23293  -0.12338  -0.07827   0.06205   0.15784   0.20803   0.23445
   0.36184
 kpt#  31, nband=  9, wtk=  0.01563, kpt=  0.2500  0.7500  0.5000 (reduced coord)
  -0.38208  -0.24417  -0.13523  -0.12470   0.14691   0.15941   0.18487   0.19863
   0.38188
 kpt#  32, nband=  9, wtk=  0.01563, kpt=  0.2500  0.7500  0.7500 (reduced coord)
  -0.39894  -0.23293  -0.12338  -0.07827   0.06205   0.15784   0.20803   0.23445
   0.36184
 kpt#  33, nband=  9, wtk=  0.01563, kpt=  0.5000  0.0000  0.0000 (reduced coord)
  -0.40957  -0.24531  -0.04759  -0.04759   0.02383   0.14851   0.14851   0.26980
   0.37178
 kpt#  34, nband=  9, wtk=  0.01563, kpt=  0.5000  0.0000  0.2500 (reduced coord)
  -0.39894  -0.23293  -0.12338  -0.07827   0.06205   0.15784   0.20803   0.23445
   0.36184
 kpt#  35, nband=  9, wtk=  0.01563, kpt=  0.5000  0.0000  0.5000 (reduced coord)
  -0.38293  -0.25144  -0.09941  -0.09941   0.03200   0.04101   0.36095   0.36095
   0.39328
 kpt#  36, nband=  9, wtk=  0.01563, kpt=  0.5000  0.0000  0.7500 (reduced coord)
  -0.39894  -0.23293  -0.12338  -0.07827   0.06205   0.15784   0.20803   0.23445
   0.36184
 kpt#  37, nband=  9, wtk=  0.01563, kpt=  0.5000  0.2500  0.0000 (reduced coord)
  -0.39894  -0.23293  -0.12338  -0.07827   0.06205   0.15784   0.20803   0.23445
   0.36184
 kpt#  38, nband=  9, wtk=  0.01563, kpt=  0.5000  0.2500  0.2500 (reduced coord)
  -0.41290  -0.21125  -0.12812  -0.05065   0.08597   0.19130   0.19224   0.19537
   0.27083
 kpt#  39, nband=  9, wtk=  0.01563, kpt=  0.5000  0.2500  0.5000 (reduced coord)
  -0.39894  -0.23293  -0.12338  -0.07827   0.06205   0.15784   0.20803   0.23445
   0.36184
 kpt#  40, nband=  9, wtk=  0.01563, kpt=  0.5000  0.2500  0.7500 (reduced coord)
  -0.38208  -0.24417  -0.13523  -0.12470   0.14691   0.15941   0.18487   0.19863
   0.38187
 kpt#  41, nband=  9, wtk=  0.01563, kpt=  0.5000  0.5000  0.0000 (reduced coord)
  -0.38293  -0.25144  -0.09941  -0.09941   0.03200   0.04101   0.36095   0.36095
   0.39328
 kpt#  42, nband=  9, wtk=  0.01563, kpt=  0.5000  0.5000  0.2500 (reduced coord)
  -0.39894  -0.23293  -0.12338  -0.07827   0.06205   0.15784   0.20803   0.23445
   0.36184
 kpt#  43, nband=  9, wtk=  0.01563, kpt=  0.5000  0.5000  0.5000 (reduced coord)
  -0.40957  -0.24531  -0.04759  -0.04759   0.02383   0.14851   0.14851   0.26980
   0.37178
 kpt#  44, nband=  9, wtk=  0.01563, kpt=  0.5000  0.5000  0.7500 (reduced coord)
  -0.39894  -0.23293  -0.12338  -0.07827   0.06205   0.15784   0.20803   0.23445
   0.36184
 kpt#  45, nband=  9, wtk=  0.01563, kpt=  0.5000  0.7500  0.0000 (reduced coord)
  -0.39894  -0.23293  -0.12338  -0.07827   0.06205   0.15784   0.20803   0.23445
   0.36184
 kpt#  46, nband=  9, wtk=  0.01563, kpt=  0.5000  0.7500  0.2500 (reduced coord)
  -0.38208  -0.24417  -0.13523  -0.12470   0.14691   0.15941   0.18487   0.19863
   0.38187
 kpt#  47, nband=  9, wtk=  0.01563, kpt=  0.5000  0.7500  0.5000 (reduced coord)
  -0.39894  -0.23293  -0.12338  -0.07827   0.06205   0.15784   0.20803   0.23445
   0.36184
 kpt#  48, nband=  9, wtk=  0.01563, kpt=  0.5000  0.7500  0.7500 (reduced coord)
  -0.41290  -0.21125  -0.12812  -0.05065   0.08597   0.19130   0.19224   0.19537
   0.27083
 kpt#  49, nband=  9, wtk=  0.01563, kpt=  0.7500  0.0000  0.0000 (reduced coord)
  -0.44472  -0.15837  -0.03357  -0.03357   0.04384   0.15318   0.15318   0.20587
   0.29572
 kpt#  50, nband=  9, wtk=  0.01563, kpt=  0.7500  0.0000  0.2500 (reduced coord)
  -0.41290  -0.21125  -0.12812  -0.05065   0.08597   0.19130   0.19224   0.19537
   0.27083
 kpt#  51, nband=  9, wtk=  0.01563, kpt=  0.7500  0.0000  0.5000 (reduced coord)
  -0.39894  -0.23293  -0.12338  -0.07827   0.06205   0.15784   0.20803   0.23445
   0.36184
 kpt#  52, nband=  9, wtk=  0.01563, kpt=  0.7500  0.0000  0.7500 (reduced coord)
  -0.43672  -0.15778  -0.06757  -0.06757   0.05730   0.10547   0.22622   0.22622
   0.24794
 kpt#  53, nband=  9, wtk=  0.01563, kpt=  0.7500  0.2500  0.0000 (reduced coord)
  -0.41290  -0.21125  -0.12812  -0.05065   0.08597   0.19130   0.19224   0.19537
   0.27083
 kpt#  54, nband=  9, wtk=  0.01563, kpt=  0.7500  0.2500  0.2500 (reduced coord)
  -0.39894  -0.23293  -0.12338  -0.07827   0.06205   0.15784   0.20803   0.23445
   0.36184
 kpt#  55, nband=  9, wtk=  0.01563, kpt=  0.7500  0.2500  0.5000 (reduced coord)
  -0.38208  -0.24417  -0.13523  -0.12470   0.14691   0.15941   0.18487   0.19863
   0.38187
 kpt#  56, nband=  9, wtk=  0.01563, kpt=  0.7500  0.2500  0.7500 (reduced coord)
  -0.39894  -0.23293  -0.12338  -0.07827   0.06205   0.15784   0.20803   0.23445
   0.36184
 kpt#  57, nband=  9, wtk=  0.01563, kpt=  0.7500  0.5000  0.0000 (reduced coord)
  -0.39894  -0.23293  -0.12338  -0.07827   0.06205   0.15784   0.20803   0.23445
   0.36184
 kpt#  58, nband=  9, wtk=  0.01563, kpt=  0.7500  0.5000  0.2500 (reduced coord)
  -0.38208  -0.24417  -0.13523  -0.12470   0.14691   0.15941   0.18487   0.19863
   0.38187
 kpt#  59, nband=  9, wtk=  0.01563, kpt=  0.7500  0.5000  0.5000 (reduced coord)
  -0.39894  -0.23293  -0.12338  -0.07827   0.06205   0.15784   0.20803   0.23445
   0.36184
 kpt#  60, nband=  9, wtk=  0.01563, kpt=  0.7500  0.5000  0.7500 (reduced coord)
  -0.41290  -0.21125  -0.12812  -0.05065   0.08597   0.19130   0.19224   0.19537
   0.27083
 kpt#  61, nband=  9, wtk=  0.01563, kpt=  0.7500  0.7500  0.0000 (reduced coord)
  -0.43672  -0.15778  -0.06757  -0.06757   0.05730   0.10547   0.22622   0.22622
   0.24794
 kpt#  62, nband=  9, wtk=  0.01563, kpt=  0.7500  0.7500  0.2500 (reduced coord)
  -0.39894  -0.23293  -0.12338  -0.07827   0.06205   0.15784   0.20803   0.23445
   0.36184
 kpt#  63, nband=  9, wtk=  0.01563, kpt=  0.7500  0.7500  0.5000 (reduced coord)
  -0.41290  -0.21125  -0.12812  -0.05065   0.08597   0.19130   0.19224   0.19537
   0.27083
 kpt#  64, nband=  9, wtk=  0.01563, kpt=  0.7500  0.7500  0.7500 (reduced coord)
  -0.44472  -0.15837  -0.03357  -0.03357   0.04384   0.15318   0.15318   0.20587
   0.29572
